0.999778 -0.020448 -0.00505619 3.59264 0.0204457 0.999791 -0.000503592 0.0591612 0.00506544 0.000400104 0.999987 0.0293756
0.999727 -0.0225024 -0.00624315 4.45026 0.0225026 0.999747 -2.84072e-05 0.113336 0.00624221 -0.000112096 0.999981 0.0510942
0.999671 -0.0245551 -0.00743173 5.3077 0.024559 0.999698 0.000441736 0.167498 0.00741864 -0.000624105 0.999972 0.0728068
0.999609 -0.0266067 -0.0086222 6.16516 0.0266155 0.999645 0.000906937 0.22166 0.00859502 -0.00113607 0.999962 0.094519
0.999541 -0.0286574 -0.00981469 7.02277 0.0286722 0.999588 0.00136726 0.275828 0.00977147 -0.00164804 0.999951 0.116233
0.999468 -0.0307075 -0.0110093 7.88059 0.0307293 0.999526 0.00182272 0.330007 0.0109481 -0.00216006 0.999938 0.137951
0.999389 -0.0327559 -0.0122054 8.73822 0.032786 0.99946 0.00227311 0.384173 0.0121244 -0.00267188 0.999923 0.159664
0.999304 -0.0348026 -0.013403 9.59562 0.0348419 0.999389 0.0027184 0.438321 0.0133002 -0.0031835 0.999906 0.181368
0.999214 -0.0368484 -0.0146027 10.4532 0.0368982 0.999314 0.0031588 0.492481 0.0144762 -0.00369513 0.999888 0.203077
0.999119 -0.038893 -0.015804 11.3108 0.0389543 0.999235 0.00359421 0.546637 0.0156521 -0.00420669 0.999869 0.224784
0.999041 -0.040807 -0.0158787 12.1655 0.0408509 0.999162 0.0024475 0.59978 0.0157655 -0.00309382 0.999871 0.245312
0.998911 -0.0429714 -0.0181576 13.0254 0.0430574 0.999063 0.004375 0.654869 0.0179526 -0.00515206 0.999825 0.268127
0.998788 -0.044603 -0.0208419 13.8933 0.0447195 0.998986 0.00515881 0.711573 0.0205906 -0.00608459 0.999769 0.291014
0.998655 -0.0465081 -0.0229144 14.7715 0.0467177 0.99887 0.00869409 0.774504 0.0224841 -0.00975291 0.9997 0.315424
0.998592 -0.0478818 -0.022819 15.6603 0.0481204 0.998791 0.0100279 0.835136 0.0223113 -0.0111118 0.999689 0.339959
0.99855 -0.0494974 -0.0211744 16.5581 0.0497138 0.998715 0.0098244 0.896569 0.020661 -0.0108628 0.999728 0.365766
0.998502 -0.0510216 -0.01975 17.4623 0.051227 0.998637 0.0100438 0.955199 0.0192106 -0.0110405 0.999754 0.390423
0.998451 -0.0522216 -0.0191913 18.3716 0.0524128 0.998579 0.00960279 1.01765 0.0186625 -0.0105938 0.99977 0.413497
0.998348 -0.0539278 -0.0198549 19.2845 0.0541284 0.998487 0.00970238 1.07805 0.0193016 -0.0107611 0.999756 0.436527
0.998265 -0.0550477 -0.0209289 20.2006 0.0552276 0.998441 0.00811806 1.1392 0.0204494 -0.00925983 0.999748 0.459918
0.998247 -0.055879 -0.0195378 21.1256 0.0560392 0.998398 0.00775695 1.19979 0.0190731 -0.00883823 0.999779 0.483165
0.998311 -0.0559276 -0.0157367 22.0579 0.0560804 0.998382 0.0094513 1.26478 0.0151826 -0.0103179 0.999831 0.509172
0.998402 -0.0552102 -0.01205 22.9938 0.055336 0.998414 0.0103662 1.32794 0.0114586 -0.0110164 0.999874 0.535909
0.998507 -0.0538348 -0.00930613 23.9347 0.053923 0.9985 0.00950038 1.38799 0.00878072 -0.009988 0.999912 0.55802
0.998592 -0.052413 -0.00815962 24.879 0.0524885 0.998578 0.00933183 1.44801 0.00765891 -0.00974699 0.999923 0.576079
0.998634 -0.0511929 -0.0104478 25.8254 0.0512926 0.998638 0.00952171 1.50756 0.00994616 -0.0100446 0.9999 0.592978
0.998618 -0.0501777 -0.0156147 26.7767 0.0503432 0.998678 0.0103947 1.56756 0.0150725 -0.0111664 0.999824 0.611359
0.998617 -0.048945 -0.0191953 27.7341 0.0491394 0.998744 0.00979037 1.62544 0.018692 -0.0107201 0.999768 0.631425
0.998671 -0.0482154 -0.0181905 28.7011 0.0483577 0.998802 0.00746417 1.68133 0.0178088 -0.00833391 0.999807 0.654625
0.998735 -0.048485 -0.0133072 29.676 0.0485647 0.998803 0.00574238 1.73776 0.0130128 -0.00638138 0.999895 0.677103
0.998738 -0.0494102 -0.00904579 30.6546 0.0494359 0.998774 0.00264465 1.79426 0.00890403 -0.00308851 0.999956 0.699036
0.998687 -0.0504727 -0.00872792 31.6327 0.0504303 0.998715 -0.00499828 1.84275 0.00896898 0.00455157 0.999949 0.71651
0.998566 -0.0520666 -0.0124948 32.6114 0.0519685 0.998616 -0.00804682 1.89824 0.0128965 0.00738594 0.99989 0.731679
0.99842 -0.0535837 -0.0169153 33.5941 0.0534623 0.998541 -0.00754904 1.96118 0.0172951 0.00663278 0.999828 0.750963
0.998288 -0.0554881 -0.0184881 34.6015 0.0553675 0.998442 -0.00697093 2.02861 0.0188461 0.00593535 0.999805 0.783553
0.998265 -0.0565653 -0.0163383 35.6562 0.0564579 0.998381 -0.00696328 2.10163 0.0167057 0.00602878 0.999842 0.840929
0.998251 -0.0575824 -0.0134149 36.6987 0.0575368 0.998336 -0.00375933 2.1781 0.0136091 0.0029809 0.999903 0.890193
0.99819 -0.0588616 -0.0123494 37.7405 0.0588236 0.998263 -0.00341481 2.2529 0.0125289 0.00268219 0.999918 0.937655
0.998153 -0.0598873 -0.0101974 38.7727 0.059864 0.998203 -0.00258137 2.32617 0.0103336 0.00196615 0.999945 0.975757
0.998178 -0.060008 -0.00635075 39.808 0.0599896 0.998194 -0.00304303 2.40042 0.0065219 0.00265651 0.999975 1.01357
0.998158 -0.0604697 -0.00499528 40.8291 0.0604836 0.998166 0.0026835 2.48352 0.00482385 -0.00298069 0.999984 1.04056
0.998162 -0.0604294 -0.0046345 41.8502 0.0604462 0.998165 0.00357329 2.56307 0.00441007 -0.00384687 0.999983 1.06723
0.998145 -0.0605647 -0.00627817 42.8601 0.0605857 0.998158 0.00321246 2.63784 0.00607205 -0.00358686 0.999975 1.08822
0.998137 -0.0603282 -0.00916449 43.8644 0.0603795 0.998161 0.00542268 2.71779 0.0088205 -0.00596593 0.999943 1.11359
0.99808 -0.0612144 -0.00947972 44.864 0.0612675 0.998107 0.00542011 2.79122 0.00912998 -0.0059905 0.99994 1.14305
0.998011 -0.0625538 -0.00784894 45.8632 0.0625822 0.998034 0.00344253 2.86164 0.00761817 -0.0039269 0.999963 1.17013
0.997963 -0.0634258 -0.00689988 46.8573 0.0634522 0.997978 0.00367921 2.93763 0.00665258 -0.00410954 0.999969 1.19928
0.997929 -0.0636954 -0.0090059 47.8421 0.0637536 0.997946 0.00633108 3.01833 0.00858414 -0.00689213 0.999939 1.22642
0.997825 -0.064366 -0.0142419 48.8195 0.0644666 0.997897 0.0067276 3.09761 0.0137789 -0.0076311 0.999876 1.25096
0.997777 -0.0648378 -0.0154292 49.7994 0.0649535 0.997863 0.00712003 3.17339 0.0149346 -0.00810638 0.999856 1.27506
0.997797 -0.06518 -0.012326 50.7804 0.065268 0.997844 0.00687954 3.24697 0.011851 -0.00766888 0.9999 1.30651
0.997809 -0.0655292 -0.00911308 51.7556 0.0655701 0.997839 0.00427273 3.31908 0.0088134 -0.00486092 0.999949 1.33261
0.997799 -0.0658279 -0.00800179 52.7257 0.0658534 0.997825 0.00297552 3.39219 0.00778852 -0.00349592 0.999964 1.35708
0.997783 -0.0659991 -0.00859118 53.6875 0.0660013 0.99782 -1.76076e-05 3.46242 0.00857361 -0.000549465 0.999963 1.37833
0.997732 -0.0665553 -0.0101029 54.6508 0.0665237 0.997779 -0.00343222 3.5284 0.0103089 0.00275235 0.999943 1.3989
0.99766 -0.0677319 -0.00930055 55.6083 0.0676877 0.997694 -0.00497597 3.59864 0.00961614 0.00433479 0.999944 1.4196
0.997617 -0.0688325 -0.00485972 56.5704 0.0687943 0.997602 -0.00764263 3.66805 0.00537413 0.00729008 0.999959 1.43812
0.99759 -0.0693825 0.000687944 57.5309 0.0693858 0.997547 -0.00924933 3.74371 -4.45116e-05 0.00927476 0.999957 1.45183
0.997549 -0.0699188 0.00290016 58.4818 0.0699396 0.997521 -0.00782618 3.82471 -0.00234576 0.00800983 0.999965 1.46477
0.997447 -0.071418 0.000377255 59.4219 0.071419 0.997426 -0.00638431 3.90092 7.96728e-05 0.00639495 0.99998 1.47946
0.997309 -0.0728988 -0.00776549 60.3461 0.0728589 0.997328 -0.00529994 3.97209 0.00813111 0.00471989 0.999956 1.49371
0.997164 -0.0739774 -0.0138656 61.2612 0.0739182 0.997253 -0.00472281 4.04152 0.0141769 0.00368449 0.999893 1.51271
0.997077 -0.075209 -0.0134729 62.171 0.0752209 0.997167 0.000377839 4.12236 0.0134063 -0.00139017 0.999909 1.53551
0.997042 -0.0760805 -0.0109575 63.0691 0.0761262 0.997091 0.00380794 4.19867 0.0106359 -0.00463083 0.999933 1.56352
0.996955 -0.0774319 -0.00929431 63.9523 0.0774956 0.99697 0.0067087 4.2753 0.00874668 -0.00740853 0.999934 1.59125
0.99685 -0.0786606 -0.0101816 64.8202 0.0787318 0.996873 0.00679804 4.34862 0.009615 -0.00757824 0.999925 1.61327
0.996727 -0.0802733 -0.00952323 65.6754 0.0803522 0.996733 0.00821082 4.42437 0.00883301 -0.00894917 0.999921 1.635
0.996611 -0.0817677 -0.00898046 66.5171 0.0818523 0.996599 0.00949826 4.49949 0.00817327 -0.0102011 0.999914 1.65851
0.996486 -0.083381 -0.00801207 67.3462 0.083455 0.996467 0.00940211 4.57238 0.00719981 -0.0100377 0.999924 1.68059
0.996368 -0.0848449 -0.00730003 68.1635 0.0849086 0.996349 0.00892379 4.64431 0.00651624 -0.00951121 0.999934 1.70008
0.99626 -0.0862429 -0.00523727 68.9663 0.0862972 0.996206 0.0112203 4.71958 0.00424973 -0.0116303 0.999923 1.71951
0.996169 -0.0874458 -0.00090622 69.7607 0.0874501 0.996082 0.013162 4.79564 -0.000248291 -0.0131908 0.999913 1.73706
0.996003 -0.0893193 0.000900004 70.5373 0.0892943 0.995883 0.0156382 4.8659 -0.00229309 -0.0154954 0.999877 1.75782
0.995861 -0.0908521 -0.00270734 71.2892 0.0908868 0.995688 0.0185723 4.94179 0.00100833 -0.0187415 0.999824 1.77832
0.995705 -0.0920319 -0.0101239 72.02 0.092213 0.995555 0.0191803 5.01372 0.0083137 -0.0200314 0.999765 1.7987
0.995496 -0.093498 -0.0157 72.7317 0.0937763 0.99543 0.0180459 5.08401 0.013941 -0.0194369 0.999714 1.81561
0.99541 -0.0939639 -0.0181817 73.4272 0.0942997 0.99537 0.018588 5.15537 0.0163509 -0.0202172 0.999662 1.83637
0.995388 -0.094704 -0.0152796 74.1035 0.0950134 0.995255 0.0209949 5.22768 0.0132188 -0.0223499 0.999663 1.86299
0.995308 -0.095996 -0.0121587 74.7588 0.0962476 0.995111 0.0221514 5.29495 0.00997282 -0.0232177 0.999681 1.8948
0.995147 -0.0973209 -0.0145705 75.3906 0.0975928 0.995039 0.0192962 5.35502 0.0126203 -0.0206245 0.999708 1.9207
0.99506 -0.0975152 -0.0186362 76.0034 0.0977381 0.995146 0.0114516 5.40615 0.017429 -0.0132165 0.999761 1.94382
0.995029 -0.0966947 -0.0238155 76.5968 0.0968843 0.995272 0.00694152 5.45983 0.0230316 -0.00921437 0.999692 1.96925
0.995276 -0.0938691 -0.0248072 77.178 0.0940966 0.99553 0.00816962 5.51879 0.0239294 -0.0104653 0.999659 1.99434
0.995699 -0.0899536 -0.0222053 77.7475 0.0902761 0.995819 0.0139772 5.57961 0.0208551 -0.0159217 0.999656 2.02098
0.996159 -0.0854944 -0.0189144 78.3025 0.0857463 0.996233 0.0129392 5.62678 0.0177369 -0.0145114 0.999737 2.04415
0.996654 -0.0804303 -0.0145839 78.8459 0.0805626 0.996711 0.00872921 5.65984 0.0138338 -0.00987492 0.999856 2.06856
0.997304 -0.0726951 -0.00997973 79.3762 0.0727457 0.997339 0.00481451 5.69036 0.00960319 -0.00552751 0.999939 2.09329
0.997995 -0.0624403 -0.0103382 79.8886 0.0625156 0.998018 0.00713976 5.72293 0.00987192 -0.00777175 0.999921 2.11296
0.998795 -0.0478591 -0.0108713 80.3892 0.047996 0.998767 0.0126962 5.75932 0.0102503 -0.0132026 0.99986 2.13104
0.999499 -0.0299541 -0.0102015 80.8775 0.0301324 0.999387 0.0178059 5.7825 0.00966189 -0.0181044 0.999789 2.14764
0.999919 -0.0087033 -0.00934566 81.352 0.00886119 0.999816 0.0169921 5.78278 0.00919606 -0.0170736 0.999812 2.16173
0.99983 0.0166753 -0.00794231 81.8138 -0.0165662 0.99977 0.0136199 5.76479 0.0081676 -0.013486 0.999876 2.17758
0.998954 0.0453324 -0.00601056 82.267 -0.0452567 0.998901 0.0121834 5.7343 0.00655627 -0.0118986 0.999908 2.19268
0.996986 0.0774815 -0.00398337 82.7133 -0.0774297 0.996928 0.0118367 5.69088 0.00488826 -0.0114926 0.999922 2.2068
0.993489 0.113896 -0.00264501 83.1506 -0.113858 0.993427 0.0117829 5.62908 0.00396967 -0.0114051 0.999927 2.21894
0.988015 0.154347 -0.00201396 83.5795 -0.154313 0.987949 0.0120166 5.55118 0.00384443 -0.0115618 0.999926 2.22891
0.980129 0.19836 -0.00129559 83.996 -0.198332 0.980064 0.011761 5.45171 0.00360268 -0.0112703 0.99993 2.2406
0.969281 0.245952 -0.00169304 84.397 -0.245906 0.969194 0.0138835 5.33247 0.00505555 -0.0130407 0.999902 2.2548
0.954683 0.297608 -0.00322302 84.7831 -0.29753 0.954596 0.0149175 5.19074 0.00751624 -0.0132825 0.999884 2.26812
0.935969 0.352057 -0.00416334 85.152 -0.351962 0.935893 0.0150835 5.02638 0.0092067 -0.0126523 0.999878 2.27745
0.885585 0.464442 -0.00581593 85.8344 -0.464307 0.885529 0.0160589 4.63525 0.0126086 -0.0115212 0.999854 2.28941
0.853787 0.520562 -0.0079303 86.144 -0.520429 0.853786 0.0142912 4.40579 0.0142102 -0.00807445 0.999866 2.29695
0.818606 0.574293 -0.00843865 86.4357 -0.574165 0.818625 0.0137163 4.1613 0.0147853 -0.00638306 0.99987 2.30845
0.780373 0.625273 -0.00719192 86.711 -0.625177 0.780391 0.0119772 3.89936 0.0131015 -0.00485046 0.999902 2.31931
0.739419 0.673235 -0.00388711 86.9708 -0.673166 0.739407 0.011192 3.6188 0.010409 -0.00565894 0.99993 2.32628
0.696149 0.717892 -0.00285281 87.2097 -0.71784 0.696139 0.00982967 3.32441 0.0090426 -0.00479505 0.999948 2.33127
0.651271 0.758827 -0.00524155 87.4244 -0.758784 0.65129 0.00825965 3.01117 0.00968142 -0.00140206 0.999952 2.33518
0.606061 0.795356 -0.00996196 87.6177 -0.795356 0.606123 0.00496482 2.68831 0.00998697 0.00491432 0.999938 2.34015
0.560946 0.827805 -0.00891974 87.7993 -0.82779 0.561003 0.00620002 2.36093 0.0101364 0.0039058 0.999941 2.34773
0.515167 0.857075 -0.00503987 87.9717 -0.857029 0.515191 0.00885266 2.02521 0.0101839 -0.000241279 0.999948 2.35386
0.471032 0.882108 -0.00393427 88.1265 -0.882046 0.471046 0.0105544 1.6792 0.0111634 -0.00150126 0.999937 2.35914
0.429829 0.902861 -0.0094592 88.2543 -0.902837 0.429904 0.00826763 1.32392 0.0115311 0.00498645 0.999921 2.36319
0.391364 0.919983 -0.0215838 88.3603 -0.920195 0.391459 0.000239264 0.952291 0.00866932 0.0197677 0.999767 2.36332
0.356771 0.933826 -0.0261379 88.4632 -0.934176 0.356789 -0.00410979 0.581297 0.00548789 0.0258836 0.99965 2.36541
0.294076 0.955658 -0.0154081 88.6872 -0.955722 0.2942 0.0064394 -0.160383 0.0106869 0.0128322 0.999861 2.38203
0.265772 0.963986 -0.00980342 88.7863 -0.963944 0.265873 0.0110775 -0.541034 0.013285 0.00650586 0.999891 2.39728
0.240612 0.970559 -0.010994 88.8665 -0.970505 0.240743 0.0127649 -0.937308 0.0150358 0.00759832 0.999858 2.40788
0.217163 0.97599 -0.0168799 88.9308 -0.975994 0.217394 0.0132855 -1.34354 0.0166361 0.0135895 0.999769 2.41503
0.196909 0.980062 -0.0265647 88.9833 -0.980138 0.197432 0.0187115 -1.76312 0.0235831 0.0223526 0.999472 2.40678
0.17732 0.983702 -0.0297893 89.042 -0.983657 0.178111 0.0263661 -2.18948 0.0312422 0.0246272 0.999208 2.40045
0.159677 0.986792 -0.0272961 89.1053 -0.986647 0.16043 0.028101 -2.63426 0.032109 0.0224446 0.999232 2.40778
0.144425 0.989244 -0.0232101 89.1644 -0.989164 0.144959 0.0232528 -3.09857 0.0263671 0.0196003 0.99946 2.42626
0.129951 0.991266 -0.0224834 89.2105 -0.991271 0.130394 0.0194939 -3.57284 0.0222553 0.0197539 0.999557 2.44448
0.116492 0.9929 -0.0240873 89.248 -0.992997 0.116915 0.0169896 -4.05872 0.0196851 0.0219395 0.999565 2.45948
0.104627 0.99413 -0.0275682 89.2777 -0.994337 0.105088 0.0158451 -4.55703 0.0186492 0.0257542 0.999494 2.47028
0.0941143 0.995086 -0.0307676 89.3046 -0.995379 0.094643 0.0162028 -5.07041 0.0190351 0.0291005 0.999395 2.48145
0.0854727 0.995797 -0.0329189 89.3306 -0.996149 0.0860566 0.0167499 -5.59953 0.0195124 0.0313605 0.999318 2.49341
0.0793833 0.996244 -0.0345849 89.3556 -0.996651 0.0800039 0.0169439 -6.14616 0.0196472 0.033124 0.999258 2.50425
0.0735108 0.996643 -0.0360441 89.3808 -0.997082 0.0741926 0.0179611 -6.70864 0.020575 0.0346186 0.999189 2.51303
0.0671418 0.997081 -0.0363426 89.4061 -0.997515 0.0678607 0.0189236 -7.29155 0.0213346 0.0349817 0.99916 2.52058
0.0624434 0.997301 -0.0386273 89.4284 -0.997823 0.0632056 0.0188363 -7.89557 0.0212269 0.037367 0.999076 2.53077
0.0588754 0.997452 -0.0402884 89.4436 -0.998045 0.059662 0.0186087 -8.51452 0.020965 0.039114 0.999015 2.54015
0.0553862 0.997612 -0.0412659 89.4612 -0.998255 0.0561752 0.0182099 -9.1532 0.0204845 0.0401853 0.998982 2.55119
0.0522143 0.997722 -0.0427294 89.473 -0.99844 0.0530039 0.0175602 -9.80956 0.019785 0.0417459 0.998932 2.56158
0.0507215 0.997599 -0.0471623 89.4833 -0.998522 0.0515782 0.017129 -10.482 0.0195204 0.0462238 0.99874 2.57185
0.0508497 0.9974 -0.0510717 89.4906 -0.998519 0.0517636 0.016733 -11.1699 0.0193332 0.0501452 0.998555 2.58093
0.0524988 0.997206 -0.0531417 89.505 -0.998434 0.0534448 0.0165408 -11.8766 0.0193348 0.0521901 0.99845 2.59122
0.0555467 0.996903 -0.0556813 89.5238 -0.998259 0.0565583 0.01676 -12.5993 0.0198573 0.0546534 0.998308 2.60271
0.0592571 0.996637 -0.0565994 89.5457 -0.998044 0.0602822 0.0165795 -13.3397 0.0199357 0.0555062 0.998259 2.6151
0.063092 0.996323 -0.0579745 89.5768 -0.997836 0.064051 0.014835 -14.0973 0.0184938 0.0569131 0.998208 2.63195
0.0670231 0.99606 -0.058068 89.6134 -0.997602 0.0679058 0.0133623 -14.8685 0.0172528 0.0570332 0.998223 2.64978
0.0711629 0.995931 -0.0553036 89.6602 -0.997349 0.0718907 0.0112818 -15.6567 0.0152117 0.0543541 0.998406 2.66587
0.0752118 0.995694 -0.0541881 89.7087 -0.997066 0.0758666 0.0101285 -16.4508 0.014196 0.0532674 0.998479 2.68099
0.0791519 0.995511 -0.0518979 89.7633 -0.996747 0.0798268 0.0110604 -17.2528 0.0151536 0.0508536 0.998591 2.69836
0.0823854 0.995341 -0.0500911 89.8215 -0.996431 0.0831945 0.0142855 -18.0572 0.0183862 0.0487354 0.998642 2.71841
0.0835981 0.995476 -0.04516 89.8857 -0.996204 0.0845906 0.0205327 -18.8655 0.0242599 0.043272 0.998769 2.73893
0.0831969 0.995617 -0.0427322 89.9454 -0.996165 0.0842548 0.0235823 -19.6796 0.0270793 0.0406064 0.998808 2.75982
0.0832612 0.995712 -0.0403124 90.0051 -0.996156 0.0842669 0.0239224 -20.4973 0.0272168 0.0381656 0.998901 2.78855
0.0832527 0.995836 -0.0371561 90.0659 -0.996229 0.0840831 0.021373 -21.3166 0.0244082 0.0352366 0.999081 2.8214
0.0831123 0.99582 -0.0378779 90.121 -0.996256 0.0839369 0.0207237 -22.1341 0.0238164 0.0360136 0.999067 2.85143
0.0833243 0.995883 -0.0357057 90.1772 -0.996267 0.0840612 0.0196591 -22.9518 0.0225796 0.0339344 0.999169 2.88226
0.0830085 0.995968 -0.0340115 90.2309 -0.996297 0.0837065 0.0196387 -23.7681 0.0224065 0.0322554 0.999228 2.91622
0.0830592 0.996046 -0.0315384 90.2887 -0.996277 0.0837284 0.0205247 -24.5808 0.0230842 0.0297163 0.999292 2.94638
0.0818407 0.996234 -0.0286287 90.3459 -0.996354 0.0824773 0.0218103 -25.3924 0.0240894 0.0267393 0.999352 2.97596
0.0791211 0.996534 -0.0256846 90.403 -0.996579 0.0796888 0.0218889 -26.2038 0.0238598 0.0238649 0.99943 3.00607
0.0753403 0.996897 -0.022824 90.456 -0.996907 0.0758148 0.0206914 -27.0153 0.0223576 0.0211945 0.999525 3.03654
0.0705637 0.997299 -0.0203843 90.506 -0.997314 0.0709373 0.0182322 -27.828 0.0196289 0.0190431 0.999626 3.06818
0.0643299 0.997766 -0.0180035 90.5486 -0.997783 0.064618 0.0159097 -28.6402 0.0170375 0.0169402 0.999711 3.09809
0.0569098 0.998232 -0.0171492 90.5823 -0.998241 0.0571795 0.0156736 -29.4487 0.0166265 0.016227 0.99973 3.12602
0.0481737 0.998705 -0.0163878 90.6091 -0.998688 0.0484456 0.0166224 -30.2517 0.0173947 0.0155656 0.999728 3.15155
0.0380529 0.999136 -0.016728 90.6235 -0.999115 0.0383417 0.0172959 -31.0543 0.0179223 0.0160551 0.99971 3.17619
0.0278159 0.999459 -0.017573 90.6309 -0.99947 0.0281051 0.0164306 -31.8532 0.0169156 0.0171067 0.999711 3.20199
0.0170438 0.99972 -0.0164079 90.6321 -0.999739 0.0172889 0.0149133 -32.6467 0.0151928 0.0161494 0.999754 3.22787
0.00588193 0.999833 -0.0173042 90.6217 -0.999882 0.00612568 0.0140706 -33.44 0.0141742 0.0172194 0.999751 3.24963
-0.00526651 0.999833 -0.0174949 90.6022 -0.99989 -0.0050229 0.0139437 -34.2277 0.0138535 0.0175664 0.99975 3.27096
-0.0163953 0.999714 -0.0174122 90.5756 -0.999765 -0.0161437 0.0144983 -35.0085 0.0142131 0.0176458 0.999743 3.29289
-0.0272181 0.999487 -0.0168896 90.5413 -0.999516 -0.0269569 0.0155087 -35.7852 0.0150454 0.0173036 0.999737 3.31395
-0.0376355 0.999141 -0.017375 90.4985 -0.999167 -0.0373503 0.0164658 -36.5542 0.0158027 0.0179802 0.999713 3.33421
-0.0472808 0.99872 -0.017993 90.4475 -0.998749 -0.0469736 0.0171323 -37.3152 0.0162652 0.0187805 0.999691 3.35518
-0.0569554 0.998207 -0.0184215 90.3881 -0.998241 -0.0566343 0.0175086 -38.0685 0.0164339 0.0193863 0.999677 3.37732
-0.0664914 0.99761 -0.0188203 90.3245 -0.997655 -0.0661637 0.0175296 -38.8142 0.0162424 0.0199417 0.999669 3.39804
-0.0752296 0.996966 -0.0200062 90.2522 -0.997043 -0.0748895 0.01724 -39.5517 0.0156895 0.021244 0.999651 3.41959
-0.0827566 0.996338 -0.0215084 90.1747 -0.99647 -0.0824238 0.0159317 -40.2817 0.0141006 0.0227509 0.999642 3.44096
-0.0881317 0.995811 -0.02435 90.0925 -0.996034 -0.0877994 0.014404 -41.001 0.0122058 0.0255229 0.9996 3.46379
-0.0921912 0.995362 -0.0274886 90.0081 -0.995691 -0.0918736 0.0126058 -41.7153 0.0100219 0.0285323 0.999543 3.48257
-0.0951337 0.99503 -0.0294142 89.9252 -0.995429 -0.0948381 0.0112912 -42.4183 0.00844548 0.0303539 0.999503 3.4996
-0.0969402 0.99484 -0.029952 89.8445 -0.995261 -0.0966632 0.0105672 -43.1048 0.00761747 0.0308344 0.999495 3.51613
-0.098014 0.994722 -0.0303584 89.765 -0.995156 -0.0977331 0.010604 -43.7794 0.00758098 0.0312507 0.999483 3.53168
-0.0974736 0.994747 -0.0312707 89.6863 -0.9952 -0.0971486 0.011752 -44.4358 0.00865233 0.0322662 0.999442 3.54668
-0.0947979 0.994971 -0.0323358 89.6118 -0.995447 -0.0944205 0.0130104 -45.075 0.00989182 0.033422 0.999392 3.56162
-0.0900785 0.995405 -0.032475 89.5452 -0.995875 -0.0896689 0.0138615 -45.6973 0.0108858 0.0335897 0.999376 3.57696
-0.0825791 0.996075 -0.0318787 89.4889 -0.996515 -0.0821542 0.0144189 -46.2998 0.0117434 0.0329583 0.999388 3.59301
-0.0719462 0.996925 -0.0310754 89.4408 -0.99733 -0.0715154 0.0147601 -46.8847 0.0124924 0.0320544 0.999408 3.6101
-0.0586797 0.9978 -0.0308574 89.4021 -0.998191 -0.0582407 0.0149387 -47.449 0.0131086 0.0316782 0.999412 3.62768
-0.0421373 0.998663 -0.0299387 89.3795 -0.998999 -0.0416628 0.0163013 -47.9932 0.0150322 0.0305956 0.999419 3.64481
-0.021845 0.999342 -0.0289447 89.3723 -0.999593 -0.0213002 0.0189997 -48.5285 0.0183707 0.029348 0.9994 3.66575
0.00183043 0.999617 -0.0276159 89.3789 -0.999749 0.00244562 0.0222615 -49.0561 0.0223206 0.0275682 0.999371 3.68718
0.0295389 0.999213 -0.0264829 89.3986 -0.999252 0.0301809 0.0241786 -49.5811 0.0249588 0.0257489 0.999357 3.70727
0.0617968 0.99776 -0.0256425 89.4354 -0.997753 0.0624216 0.0243254 -50.103 0.0258715 0.0240816 0.999375 3.72801
0.098875 0.994774 -0.0254547 89.4907 -0.994792 0.0994481 0.0223317 -50.6201 0.0247464 0.0231141 0.999426 3.74958
0.140211 0.989825 -0.0242633 89.5705 -0.989869 0.140686 0.0191407 -51.131 0.0223595 0.0213338 0.999522 3.77272
0.184387 0.98261 -0.0219148 89.6744 -0.982676 0.184731 0.0148827 -51.6324 0.0186722 0.0187909 0.999649 3.79584
0.231684 0.972624 -0.0180552 89.8017 -0.972665 0.231913 0.0118146 -52.1286 0.0156784 0.0148244 0.999767 3.81941
0.282023 0.959293 -0.014836 89.9593 -0.959299 0.28219 0.0106637 -52.6063 0.0144162 0.0112247 0.999833 3.84397
0.3353 0.942004 -0.0142232 90.1372 -0.941995 0.335457 0.0106681 -53.0669 0.0148207 0.00982116 0.999842 3.86317
0.391744 0.919897 -0.0180484 90.3353 -0.919909 0.39197 0.011246 -53.5106 0.0174196 0.0121973 0.999774 3.88229
0.450206 0.892659 -0.0218086 90.5602 -0.892635 0.450548 0.0144932 -53.9301 0.0227633 0.0129422 0.999657 3.90176
0.508451 0.860659 -0.0272852 90.8106 -0.860588 0.508982 0.0180526 -54.3292 0.0294248 0.0143025 0.999465 3.9219
0.565483 0.824278 -0.0281944 91.0927 -0.82404 0.566087 0.0224566 -54.7027 0.0344709 0.0105345 0.99935 3.94078
0.620256 0.783872 -0.028779 91.4001 -0.783467 0.62089 0.0259757 -55.0533 0.0382302 0.00643582 0.999248 3.96007
0.672388 0.739551 -0.0309621 91.7284 -0.739061 0.673085 0.0273039 -55.3827 0.0410327 0.00452401 0.999148 3.98103
0.720909 0.692272 -0.0324202 92.0766 -0.691804 0.721627 0.0257232 -55.6904 0.0412027 0.00388436 0.999143 4.00505
0.807483 0.589337 -0.0255599 92.8368 -0.589073 0.807887 0.0176483 -56.2282 0.0310503 0.000805886 0.999517 4.05802
0.8442 0.535618 -0.0209828 93.2463 -0.535413 0.84446 0.0148609 -56.4541 0.0256789 -0.00131116 0.999669 4.08319
0.875825 0.482375 -0.0156647 93.671 -0.482239 0.875961 0.0117346 -56.6587 0.0193821 -0.00272329 0.999808 4.10448
0.901918 0.431793 -0.00999075 94.1107 -0.431679 0.901951 0.0117191 -56.8386 0.0140714 -0.00625686 0.999881 4.12681
0.922639 0.385609 -0.00666212 94.5599 -0.385503 0.922613 0.0131838 -56.996 0.0112303 -0.00959558 0.999891 4.14477
0.938517 0.345228 -0.00195521 95.0266 -0.345132 0.938364 0.0189007 -57.1312 0.00835974 -0.0170638 0.999819 4.15581
0.950725 0.310024 -0.00270803 95.493 -0.309881 0.95049 0.0232973 -57.2538 0.0097967 -0.0213102 0.999725 4.16124
0.960371 0.278704 -0.0035008 95.967 -0.278528 0.960084 0.0257106 -57.3722 0.0105267 -0.0237167 0.999663 4.16591
0.966803 0.255456 -0.00583657 96.4423 -0.255295 0.966655 0.0200824 -57.495 0.0107721 -0.0179256 0.999781 4.17397
0.970879 0.239492 -0.00618383 96.9248 -0.23936 0.970782 0.0170004 -57.6108 0.0100746 -0.0150252 0.999836 4.1871
0.973955 0.226666 -0.00595627 97.4196 -0.226503 0.973795 0.020505 -57.7163 0.010448 -0.0186218 0.999772 4.19469
0.977516 0.210812 -0.00451441 98.4444 -0.210555 0.977027 0.0329432 -57.9175 0.0113555 -0.031252 0.999447 4.20393
0.978106 0.207987 -0.00705183 98.9699 -0.207563 0.977438 0.0391492 -58.0208 0.0150353 -0.0368284 0.999208 4.21683
0.978277 0.207114 -0.00885017 99.5032 -0.20659 0.977562 0.0411546 -58.1328 0.0171753 -0.0384322 0.999114 4.23408
0.97779 0.209258 -0.0117652 100.045 -0.208636 0.977156 0.0404595 -58.2531 0.0199629 -0.0371062 0.999112 4.25007
0.976771 0.213435 -0.0190906 100.596 -0.212593 0.976376 0.0386436 -58.3814 0.0268875 -0.0336874 0.999071 4.26181
0.975727 0.217619 -0.0244863 101.156 -0.216607 0.975506 0.038338 -58.5104 0.0322296 -0.0321035 0.998965 4.27484
0.974777 0.222014 -0.0227913 101.739 -0.220909 0.974344 0.0430401 -58.6371 0.0317621 -0.0369197 0.998813 4.29481
0.973598 0.227571 -0.0178668 102.335 -0.22655 0.972886 0.0465621 -58.7671 0.0279785 -0.041285 0.998756 4.31748
0.972544 0.232314 -0.0137024 102.939 -0.231524 0.971833 0.0440104 -58.9148 0.0235407 -0.0396296 0.998937 4.3406
0.97174 0.235895 -0.00864952 103.554 -0.235386 0.971094 0.0396263 -59.072 0.0177472 -0.0364705 0.999177 4.36278
0.970946 0.239263 -0.00422842 104.18 -0.238952 0.970332 0.0368566 -59.2311 0.0129214 -0.0347754 0.999312 4.38302
0.970168 0.242404 -0.00387488 104.812 -0.242156 0.969693 0.0324984 -59.3944 0.0116352 -0.0305906 0.999464 4.39835
0.970002 0.242983 -0.00750381 105.45 -0.242678 0.969676 0.0289017 -59.5631 0.0142989 -0.0262137 0.999554 4.41367
0.969992 0.242742 -0.0138604 106.096 -0.242297 0.969802 0.0278451 -59.73 0.020201 -0.0236512 0.999516 4.42971
0.969988 0.242185 -0.0216975 106.753 -0.241521 0.969953 0.0293069 -59.8932 0.0281432 -0.023187 0.999335 4.44615
0.970436 0.240012 -0.025454 107.427 -0.239145 0.970425 0.0329349 -60.0574 0.032606 -0.025874 0.999133 4.46418
0.97114 0.237497 -0.0219565 108.119 -0.236753 0.971047 0.031868 -60.2277 0.0288893 -0.02575 0.999251 4.48531
0.971703 0.235694 -0.0155565 108.827 -0.235216 0.971551 0.0276047 -60.4038 0.0216202 -0.0231644 0.999498 4.51206
0.972393 0.233194 -0.00851738 109.546 -0.232885 0.972113 0.0275989 -60.5765 0.0147158 -0.0248534 0.999583 4.53963
0.97284 0.23134 -0.00803515 110.269 -0.230999 0.972472 0.0306345 -60.7433 0.0149009 -0.0279463 0.999498 4.56134
0.973232 0.229541 -0.0114329 111.002 -0.228998 0.972744 0.0364465 -60.9064 0.0194872 -0.0328528 0.99927 4.57963
0.973971 0.226055 -0.0167391 111.742 -0.22531 0.973555 0.0377666 -61.078 0.0248338 -0.0330121 0.999146 4.59723
0.974825 0.222031 -0.0204575 112.495 -0.221186 0.974528 0.0370441 -61.2516 0.0281614 -0.0315866 0.999104 4.61782
0.975699 0.21825 -0.0194759 113.264 -0.217491 0.975433 0.0350446 -61.427 0.0266459 -0.0299571 0.999196 4.64338
0.976513 0.214619 -0.0190051 114.041 -0.213984 0.976352 0.0308001 -61.6047 0.025166 -0.0260099 0.999345 4.67167
0.976984 0.212683 -0.0163957 114.833 -0.212152 0.976799 0.0292502 -61.7811 0.0222364 -0.0250986 0.999438 4.70046
0.977361 0.211092 -0.0143813 115.644 -0.210673 0.977206 0.0261738 -61.9592 0.0195786 -0.0225514 0.999554 4.72468
0.977525 0.210346 -0.0141495 116.456 -0.210032 0.977471 0.0208942 -62.1413 0.0182258 -0.0174528 0.999682 4.74782
0.977676 0.209737 -0.0126692 117.276 -0.209439 0.977585 0.0215015 -62.3177 0.0168949 -0.0183681 0.999689 4.77303
0.977556 0.210248 -0.01344 118.098 -0.209854 0.977386 0.0260378 -62.4879 0.0186104 -0.022633 0.999571 4.79761
0.97738 0.210929 -0.0153939 118.925 -0.210364 0.977098 0.032049 -62.658 0.0218015 -0.0280857 0.999368 4.82161
0.977197 0.211789 -0.0152333 119.756 -0.211054 0.976666 0.0397358 -62.8288 0.0232935 -0.0356147 0.999094 4.84486
0.976664 0.21438 -0.0129934 120.596 -0.213567 0.975802 0.0468932 -62.9995 0.022732 -0.043024 0.998815 4.87248
0.975999 0.217573 -0.00937515 121.438 -0.216851 0.974919 0.0500918 -63.1772 0.0200386 -0.0468566 0.998701 4.90276
0.975445 0.220028 -0.00977068 122.279 -0.219275 0.974352 0.0505577 -63.365 0.0206442 -0.0471738 0.998673 4.93085
0.974932 0.222123 -0.0130061 123.121 -0.221218 0.973916 0.050503 -63.5534 0.0238847 -0.0463598 0.998639 4.95434
0.974723 0.222997 -0.0136723 123.979 -0.22223 0.974028 0.0433882 -63.7519 0.0229926 -0.0392531 0.998965 4.97088
0.974624 0.223321 -0.0153741 124.83 -0.222646 0.974208 0.0367241 -63.953 0.0231788 -0.0323692 0.999207 4.9927
0.974293 0.224736 -0.0157313 125.679 -0.224089 0.973938 0.0350426 -64.1476 0.0231967 -0.0306166 0.999262 5.01764
0.974088 0.225788 -0.0131454 126.533 -0.225153 0.973574 0.0382187 -64.3353 0.0214273 -0.0342687 0.999183 5.04028
0.973942 0.226672 -0.00749648 127.387 -0.226209 0.973269 0.0397012 -64.5243 0.0162952 -0.0369709 0.999183 5.06236
0.973756 0.227596 -0.000428122 128.238 -0.227365 0.972851 0.043207 -64.7151 0.0102502 -0.0419757 0.999066 5.08895
0.973434 0.228878 -0.00648453 129.06 -0.228404 0.972628 0.0427359 -64.9144 0.0160884 -0.0401195 0.999065 5.12046
0.973099 0.229431 -0.0209747 129.871 -0.228494 0.972742 0.0395471 -65.1229 0.0294763 -0.0336906 0.998998 5.15324
0.972844 0.229057 -0.0332887 130.681 -0.227884 0.973037 0.035616 -65.3344 0.0405492 -0.0270629 0.998811 5.1874
0.973236 0.228116 -0.0278504 131.511 -0.227155 0.97327 0.03387 -65.5399 0.0348323 -0.0266371 0.999038 5.22546
0.97393 0.226739 -0.00704026 132.355 -0.226462 0.973615 0.0280862 -65.745 0.0132227 -0.0257597 0.999581 5.26528
0.974218 0.225365 0.0105049 133.193 -0.225563 0.973908 0.0249754 -65.9477 -0.00460226 -0.026701 0.999633 5.30405
0.974397 0.224751 0.00621118 134.004 -0.224836 0.974013 0.0273483 -66.1442 9.67886e-05 -0.0280446 0.999607 5.32105
0.974607 0.223776 -0.00808817 134.801 -0.223369 0.974102 0.0350836 -66.3357 0.0157296 -0.0323861 0.999352 5.32649
0.974716 0.222779 -0.0172772 135.6 -0.222059 0.974365 0.0360963 -66.5343 0.0248758 -0.031347 0.999199 5.33444
0.975096 0.220898 -0.0198279 136.405 -0.220199 0.974917 0.0323864 -66.7367 0.0264846 -0.0272137 0.999279 5.35929
0.975757 0.218237 -0.0164378 137.217 -0.217643 0.975506 0.0319349 -66.9227 0.0230046 -0.0275832 0.999355 5.3843
0.97649 0.214792 -0.0182396 138.019 -0.21416 0.976291 0.0314926 -67.1034 0.0245715 -0.026846 0.999338 5.39732
0.977469 0.210072 -0.0205889 138.818 -0.209367 0.977316 0.0319045 -67.2827 0.0268242 -0.026875 0.999279 5.4063
0.978163 0.207004 -0.0186433 139.619 -0.206238 0.977824 0.0364229 -67.4496 0.0257696 -0.0317825 0.999163 5.42596
0.978587 0.204936 -0.0192198 140.419 -0.203982 0.978041 0.0427551 -67.6138 0.0275598 -0.0379191 0.998901 5.44253
0.979021 0.203102 -0.0163637 141.221 -0.202205 0.978314 0.0448913 -67.7822 0.0251263 -0.0406407 0.998858 5.46535
0.979393 0.201608 -0.012014 142.023 -0.20093 0.978661 0.043006 -67.9552 0.020428 -0.0397058 0.999003 5.48834
0.979664 0.200304 -0.0116748 142.818 -0.199665 0.978974 0.0417594 -68.126 0.0197939 -0.0385791 0.999059 5.51101
0.980111 0.197825 -0.0157427 143.612 -0.197076 0.979575 0.0399326 -68.292 0.0233209 -0.0360358 0.999078 5.5322
0.980926 0.19339 -0.0196104 144.397 -0.192621 0.98063 0.03553 -68.459 0.0261017 -0.0310749 0.999176 5.54956
0.982117 0.186936 -0.0224011 145.191 -0.186178 0.981989 0.0321875 -68.6164 0.0280146 -0.0274413 0.999231 5.57194
0.983449 0.180259 -0.0183223 145.994 -0.179643 0.983241 0.0310756 -68.7622 0.0236169 -0.0272698 0.999349 5.59822
0.984684 0.174076 -0.00975295 146.801 -0.173732 0.984364 0.0290522 -68.905 0.0146578 -0.0269129 0.99953 5.62567
0.985482 0.169774 -0.00160672 147.608 -0.169683 0.985189 0.0247091 -69.0386 0.00577788 -0.0240777 0.999693 5.64384
0.98617 0.165701 0.00355277 148.41 -0.16573 0.985671 0.0314086 -69.1582 0.00170257 -0.031563 0.9995 5.65879
0.986894 0.161371 -0.000711827 149.204 -0.161248 0.986297 0.034885 -69.2749 0.0063315 -0.034313 0.999391 5.67136
0.987914 0.154607 -0.0110486 149.992 -0.154135 0.987421 0.0352468 -69.3978 0.016359 -0.0331179 0.999318 5.68157
0.988799 0.148131 -0.0182881 150.787 -0.147491 0.988531 0.0324413 -69.5185 0.022884 -0.0293806 0.999306 5.69138
0.989767 0.141505 -0.0183688 151.594 -0.140899 0.989542 0.0309067 -69.633 0.0225502 -0.0280023 0.999353 5.71028
0.9909 0.133902 -0.0136697 152.411 -0.133312 0.990363 0.0375346 -69.7322 0.0185639 -0.0353707 0.999202 5.73689
0.991909 0.126188 -0.0139289 153.223 -0.125482 0.991148 0.0433593 -69.8228 0.019277 -0.0412607 0.998962 5.75815
0.992998 0.116524 -0.0194253 154.03 -0.115532 0.992232 0.0461235 -69.9175 0.0246489 -0.0435563 0.998747 5.77622
0.993899 0.107938 -0.0226866 154.839 -0.10685 0.99327 0.0446962 -70.0091 0.0273583 -0.0419994 0.998743 5.79073
0.99477 0.0998649 -0.0214609 155.658 -0.0988332 0.994099 0.0447035 -70.0923 0.0257986 -0.0423487 0.99877 5.80941
0.995657 0.0919655 -0.0144478 156.484 -0.0911829 0.994688 0.0477604 -70.1575 0.0187634 -0.0462357 0.998754 5.82705
0.996439 0.0838784 -0.0085648 157.313 -0.0833397 0.995226 0.0508 -70.2146 0.0127849 -0.0499054 0.998672 5.84774
0.997078 0.0762329 -0.00488727 158.136 -0.0758931 0.995852 0.0501908 -70.2716 0.0086932 -0.0496733 0.998728 5.86585
0.997553 0.069822 -0.00347966 158.959 -0.069561 0.996319 0.0500929 -70.3261 0.00696444 -0.0497283 0.998738 5.88151
0.997846 0.0654222 -0.00474666 159.78 -0.0651078 0.996647 0.0495569 -70.3748 0.00797286 -0.0491411 0.99876 5.89785
0.998073 0.0611163 -0.0107292 160.598 -0.0604569 0.996727 0.0536767 -70.4154 0.0139746 -0.0529246 0.998501 5.91511
0.9982 0.0577911 -0.0160439 161.414 -0.0567204 0.996546 0.0606582 -70.4444 0.0194939 -0.059639 0.99803 5.9292
0.998283 0.0551779 -0.0196792 162.233 -0.0538719 0.996643 0.0616547 -70.4753 0.0230151 -0.0604887 0.997903 5.94144
0.998767 0.0494396 -0.00450531 163.908 -0.0490389 0.996644 0.0655431 -70.5358 0.00773061 -0.0652413 0.99784 5.967
0.998939 0.0459169 0.00370138 164.744 -0.0460615 0.996722 0.0665053 -70.5646 -0.000635521 -0.0666052 0.997779 5.97998
0.999148 0.041251 0.00142702 165.567 -0.0412572 0.997064 0.0645055 -70.5941 0.00123809 -0.0645094 0.997916 5.98806
0.999315 0.0362451 -0.00750344 166.382 -0.0357867 0.99789 0.0541735 -70.6326 0.00945113 -0.0538679 0.998503 5.99326
0.99965 0.022576 -0.0138168 168.027 -0.0218241 0.99839 0.0523498 -70.6688 0.0149764 -0.05203 0.998533 5.99969
0.999845 0.0150729 -0.00908886 168.861 -0.0145946 0.998613 0.0505786 -70.6765 0.00983863 -0.0504381 0.998679 6.01057
0.999961 0.00755014 -0.00452655 169.698 -0.00733169 0.998892 0.0464779 -70.687 0.00487246 -0.0464429 0.998909 6.02011
0.999996 0.00169456 -0.00236823 170.538 -0.00160312 0.999273 0.0381008 -70.6951 0.00243108 -0.0380968 0.999271 6.02474
0.999989 -0.00439958 -0.00154752 171.381 0.00444901 0.999427 0.0335478 -70.6954 0.00139905 -0.0335543 0.999436 6.03283
0.999921 -0.0104885 -0.00695668 172.217 0.010693 0.999491 0.0300487 -70.687 0.00663798 -0.0301207 0.999524 6.04083
0.999701 -0.0175915 -0.0169913 173.046 0.0179679 0.999591 0.0222608 -70.679 0.0165927 -0.0225595 0.999608 6.0452
0.999393 -0.0248043 -0.0244677 173.878 0.0250617 0.999633 0.0102693 -70.6754 0.024204 -0.0108763 0.999648 6.05547
0.999379 -0.0310745 -0.0166491 174.729 0.0312835 0.999433 0.0124484 -70.6475 0.0162528 -0.0129615 0.999784 6.06883
0.999336 -0.0362105 -0.0040176 175.588 0.0362924 0.999085 0.0226499 -70.5986 0.00319376 -0.0227806 0.999735 6.08396
0.999143 -0.0411392 0.00460385 176.443 0.0409877 0.998733 0.0291943 -70.549 -0.00579904 -0.0289805 0.999563 6.09898
0.998979 -0.0450918 0.00300343 177.287 0.0449864 0.998569 0.0289105 -70.5046 -0.00430275 -0.0287459 0.999577 6.10421
0.998873 -0.0468578 -0.00751279 178.123 0.0470621 0.998447 0.0298201 -70.4562 0.00610382 -0.0301401 0.999527 6.10658
0.998619 -0.0493227 -0.0180841 178.96 0.0500127 0.99795 0.0399306 -70.3947 0.0160776 -0.0407799 0.999039 6.11333
0.998451 -0.0512372 -0.0216779 179.806 0.0520759 0.997839 0.0400798 -70.3429 0.0195775 -0.0411466 0.998961 6.12503
0.998372 -0.0541326 -0.0179844 180.662 0.0547202 0.997924 0.0339668 -70.3041 0.0161084 -0.0348956 0.999261 6.14294
0.998466 -0.0546438 -0.00896961 181.524 0.0549209 0.997902 0.0342824 -70.2542 0.00707748 -0.0347224 0.999372 6.15984
0.998516 -0.0543881 -0.00273034 182.386 0.0544513 0.997855 0.0363357 -70.1977 0.000748264 -0.0364305 0.999336 6.17854
0.998422 -0.0560168 -0.00398884 183.241 0.0561225 0.997806 0.0351108 -70.1475 0.0020133 -0.0352793 0.999375 6.1956
0.998253 -0.0579679 -0.0114327 184.089 0.0583277 0.997713 0.0341543 -70.096 0.00942669 -0.0347615 0.999351 6.21145
0.997938 -0.060152 -0.0223847 184.933 0.0606813 0.997874 0.0237717 -70.0573 0.0209072 -0.0250811 0.999467 6.22637
0.997669 -0.0626464 -0.0270697 185.781 0.0629933 0.99794 0.0121562 -70.0211 0.0262524 -0.0138331 0.99956 6.24655
0.997703 -0.0638068 -0.0227627 186.64 0.064129 0.997847 0.0137141 -69.965 0.0218386 -0.0151424 0.999647 6.2711
0.997792 -0.0649913 -0.0136841 187.501 0.0652471 0.997685 0.0191642 -69.9007 0.0124069 -0.0200148 0.999723 6.30078
0.997742 -0.0666779 -0.00807616 188.35 0.0668403 0.997524 0.0218725 -69.838 0.00659775 -0.0223629 0.999728 6.32556
0.99764 -0.0676569 -0.0117462 189.189 0.0678786 0.997501 0.0196283 -69.784 0.0103889 -0.0203793 0.999738 6.34308
0.99754 -0.0677056 -0.0181547 190.023 0.0680604 0.997487 0.019692 -69.7305 0.0167758 -0.0208792 0.999641 6.35871
0.997491 -0.0677984 -0.020379 190.861 0.0683236 0.997317 0.0262882 -69.6618 0.0185421 -0.0276146 0.999447 6.37685
0.997536 -0.0682193 -0.0163764 191.701 0.0686825 0.997199 0.0296182 -69.5978 0.01431 -0.03067 0.999427 6.39917
0.997521 -0.0690378 -0.0135926 192.538 0.069457 0.99703 0.0332648 -69.5347 0.0112557 -0.0341264 0.999354 6.42206
0.997532 -0.0693755 -0.0108585 193.373 0.0697281 0.9969 0.0364376 -69.471 0.00829699 -0.0371048 0.999277 6.43918
0.997494 -0.0698555 -0.0112479 194.203 0.0702559 0.996712 0.0403608 -69.4025 0.00839151 -0.0410498 0.999122 6.45563
0.997428 -0.0704241 -0.0133149 195.028 0.0708912 0.996735 0.0386569 -69.3386 0.010549 -0.0395014 0.999164 6.4726
0.99727 -0.0712773 -0.019321 195.839 0.0720107 0.996586 0.0403817 -69.2724 0.0163767 -0.0416627 0.998997 6.48611
0.997159 -0.0724702 -0.0205278 196.651 0.0732724 0.996449 0.0414728 -69.204 0.0174494 -0.0428591 0.998929 6.49789
0.997348 -0.0696454 -0.0211307 197.362 0.070476 0.99665 0.0415089 -69.1539 0.018169 -0.042888 0.998915 6.50772
0.997542 -0.0666243 -0.0217254 198.067 0.0674824 0.996857 0.0415009 -69.1047 0.0188922 -0.0428649 0.998902 6.51746
0.997726 -0.0636018 -0.0223204 198.773 0.0644873 0.997055 0.0414966 -69.0554 0.0196154 -0.0428416 0.998889 6.52721
0.997901 -0.0605793 -0.0229152 199.479 0.0614924 0.997245 0.041496 -69.0062 0.0203382 -0.042818 0.998876 6.53695
0.998066 -0.0575565 -0.0235099 200.185 0.058497 0.997425 0.0414992 -68.957 0.0210608 -0.0427942 0.998862 6.5467
0.998221 -0.0545323 -0.0241047 200.891 0.0555004 0.997596 0.0415061 -68.9077 0.0217833 -0.0427701 0.998847 6.55644
0.998367 -0.0515076 -0.0246994 201.597 0.0525033 0.997757 0.0415168 -68.8584 0.0225056 -0.0427458 0.998832 6.56619
0.998504 -0.0484823 -0.0252941 202.302 0.0495055 0.99791 0.0415312 -68.8092 0.0232277 -0.0427212 0.998817 6.57593
0.998631 -0.0454564 -0.0258886 203.008 0.0465073 0.998053 0.0415493 -68.7599 0.0239495 -0.0426964 0.998801 6.58567
0.998748 -0.0424301 -0.0264831 203.714 0.0435085 0.998188 0.0415712 -68.7106 0.0246712 -0.0426714 0.998784 6.59541
0.998857 -0.0394034 -0.0270774 204.42 0.0405095 0.998313 0.0415967 -68.6613 0.0253926 -0.0426461 0.998767 6.60515
0.998955 -0.0363768 -0.0276714 205.126 0.0375107 0.998429 0.0416261 -68.612 0.0261137 -0.0426205 0.99875 6.61489
0.999044 -0.0333499 -0.0282652 205.831 0.0345116 0.998536 0.0416591 -68.5627 0.0268345 -0.0425948 0.998732 6.62463
0.999124 -0.0303226 -0.0288589 206.537 0.031512 0.998633 0.0416959 -68.5135 0.0275551 -0.0425688 0.998713 6.63436
0.999254 -0.0242693 -0.0300451 207.948 0.0255146 0.998801 0.0417806 -68.4149 0.028995 -0.042516 0.998675 6.65383
