0.999778 -0.0204481 -0.0050562 3.59264 0.0204458 0.999791 -0.000503594 0.0591613 0.00506544 0.000400104 0.999987 0.0293756
0.999666 -0.0251415 -0.00592745 4.34735 0.0251455 0.999684 0.000605937 0.0883533 0.00591034 -0.000754784 0.999982 0.0413982
0.999533 -0.0298437 -0.00655682 5.12855 0.0298689 0.999547 0.00378329 0.121439 0.00644094 -0.00397737 0.999971 0.0537197
0.999394 -0.0343534 -0.00566709 5.92538 0.0343865 0.999391 0.00585667 0.154046 0.00546244 -0.006048 0.999967 0.0564356
0.999248 -0.0386626 -0.00306322 6.7303 0.0386802 0.999234 0.00590207 0.193184 0.00283269 -0.00601611 0.999978 0.0667447
0.9991 -0.0424196 -0.000776048 7.54319 0.0424227 0.99909 0.00442369 0.226774 0.000587691 -0.00445263 0.99999 0.075687
0.998987 -0.0450006 -0.000732523 8.35686 0.0450035 0.998976 0.00464298 0.2717 0.000522836 -0.00467124 0.999989 0.0840848
0.998887 -0.0471441 -0.00136617 9.17995 0.0471498 0.998878 0.00443079 0.315196 0.00115575 -0.00449027 0.999989 0.0839803
0.998799 -0.0489758 -0.0014623 10.0103 0.0489793 0.998797 0.00240625 0.352591 0.0013427 -0.00247498 0.999996 0.0968619
0.998695 -0.0510595 -0.000779519 10.8538 0.0510613 0.998692 0.00251535 0.400443 0.000650068 -0.00255187 0.999997 0.0992047
0.998631 -0.0523027 -0.000741221 11.716 0.0523027 0.998631 -4.82578e-05 0.442326 0.00074273 9.42385e-06 1 0.107207
0.998533 -0.0540878 -0.00256771 12.5792 0.0540894 0.998536 0.000543534 0.499358 0.00253455 -0.000681622 0.999997 0.112757
0.998447 -0.0554596 -0.00527185 13.4526 0.0554693 0.998459 0.00171075 0.556855 0.00516884 -0.00200052 0.999985 0.122485
0.998338 -0.0572293 -0.00680432 14.3311 0.0572695 0.998341 0.00588108 0.617427 0.00645647 -0.00626098 0.99996 0.132532
0.998275 -0.0583116 -0.00683392 15.2107 0.0583639 0.998266 0.00772248 0.671765 0.00637176 -0.00810801 0.999947 0.136819
0.9982 -0.0597428 -0.00530543 16.1288 0.0597822 0.998182 0.00760229 0.727049 0.00484161 -0.00790578 0.999957 0.144811
0.998123 -0.0611042 -0.00406629 17.0226 0.0611342 0.9981 0.00772245 0.786466 0.00358669 -0.00795654 0.999962 0.157846
0.998061 -0.0621465 -0.00352153 17.9314 0.0621713 0.998038 0.00746217 0.847426 0.00305087 -0.00766664 0.999966 0.17249
0.99796 -0.0637003 -0.00429811 18.8426 0.0637272 0.997946 0.00645642 0.916654 0.00387801 -0.00671715 0.99997 0.177665
0.997891 -0.064747 -0.00470808 19.7581 0.0647744 0.997882 0.00590763 0.9759 0.00431561 -0.00620014 0.999971 0.18802
0.997852 -0.065436 -0.00319804 20.6798 0.065457 0.997831 0.00699313 1.03371 0.0027335 -0.00718744 0.99997 0.199556
0.997843 -0.0656526 7.60966e-05 21.61 0.0656494 0.997803 0.00886179 1.10359 -0.000657729 -0.00883767 0.999961 0.20683
0.997883 -0.0649293 0.00369248 22.5481 0.0648926 0.997849 0.00933308 1.16813 -0.00429053 -0.00907371 0.99995 0.208343
0.997965 -0.0634044 0.00675478 23.4805 0.0633431 0.997952 0.00892192 1.23045 -0.00730664 -0.0084759 0.999937 0.20835
0.998057 -0.0618189 0.00782079 24.4312 0.0617767 0.998075 0.00552512 1.29457 -0.00814729 -0.00503124 0.999954 0.207021
0.998173 -0.0601616 0.00560085 25.3726 0.0601397 0.998182 0.00400981 1.35674 -0.0058319 -0.00366565 0.999976 0.206479
0.998252 -0.0590846 0.0014434 26.334 0.0590789 0.998246 0.00375409 1.42623 -0.00166268 -0.00366225 0.999992 0.212026
0.998327 -0.0577897 -0.00169732 27.2875 0.0577976 0.998315 0.00509622 1.48417 0.00139995 -0.0051858 0.999986 0.216614
0.998371 -0.0570464 -0.00122873 28.2636 0.0570536 0.998347 0.00697199 1.54076 0.000828975 -0.00703073 0.999975 0.231166
0.99838 -0.0568037 0.00314762 29.2369 0.05678 0.998361 0.00715216 1.60122 -0.00354873 -0.00696185 0.999969 0.233866
0.998307 -0.0577204 0.00711007 30.2212 0.0577055 0.998331 0.00229002 1.657 -0.00723038 -0.00187586 0.999972 0.233484
0.99825 -0.0586537 0.00759372 31.1972 0.0587178 0.998238 -0.00851155 1.70263 -0.00708111 0.00894254 0.999935 0.234491
0.998177 -0.0601702 0.0046657 32.1773 0.0602205 0.998119 -0.011519 1.75856 -0.00396382 0.011779 0.999923 0.239468
0.99809 -0.0617608 0.00122426 33.1592 0.0617705 0.998031 -0.0108749 1.82347 -0.000550206 0.0109298 0.99994 0.251185
0.997979 -0.0635508 -0.000157663 34.1489 0.0635479 0.997951 -0.00743856 1.89143 0.000630066 0.00741351 0.999972 0.249945
0.997925 -0.0643859 0.000779547 35.1501 0.0643895 0.997905 -0.00623677 1.95684 -0.000376354 0.00627402 0.99998 0.264477
0.997834 -0.0657032 0.00329718 36.1555 0.0657162 0.99783 -0.00403052 2.03109 -0.0030252 0.00423847 0.999986 0.268379
0.997759 -0.066733 0.00482348 37.1473 0.0667406 0.997769 -0.00143476 2.10962 -0.00471697 0.00175346 0.999987 0.277583
0.997683 -0.0676631 0.0071106 38.1485 0.0676755 0.997706 -0.00152566 2.18658 -0.00699106 0.00200334 0.999974 0.274639
0.997649 -0.0677726 0.0101625 39.1586 0.0677833 0.9977 -0.000709446 2.24775 -0.010091 0.00139662 0.999948 0.285079
0.997574 -0.0684671 0.0126101 40.1613 0.0684466 0.997653 0.00205129 2.33485 -0.012721 -0.0011832 0.999918 0.280069
0.997582 -0.0683815 0.012423 41.1545 0.0683532 0.997658 0.00268623 2.4048 -0.0125776 -0.00183058 0.999919 0.275046
0.997592 -0.0683878 0.0115136 42.1444 0.0683877 0.997659 0.000405039 2.4745 -0.0115143 0.000383323 0.999934 0.272475
0.997626 -0.0682498 0.00915836 43.1379 0.0682204 0.997664 0.00348328 2.55244 -0.0093747 -0.00285022 0.999952 0.276812
0.997561 -0.0692686 0.00864315 44.1342 0.0692208 0.997585 0.00570733 2.62794 -0.00901762 -0.00509512 0.999946 0.27834
0.997458 -0.0705554 0.00997626 45.1313 0.0705384 0.997507 0.00204513 2.69489 -0.0100957 -0.00133622 0.999948 0.273004
0.997391 -0.071364 0.0108971 46.1213 0.0713367 0.997448 0.0028727 2.76842 -0.0110743 -0.00208784 0.999937 0.271136
0.997393 -0.0715911 0.00901601 47.1085 0.0715727 0.997433 0.00234328 2.84284 -0.00916062 -0.00169187 0.999957 0.284217
0.997371 -0.0723332 0.00424763 48.0773 0.0723132 0.997371 0.00468432 2.92278 -0.00457529 -0.00436485 0.99998 0.279501
0.997344 -0.0727841 0.00265272 49.0525 0.0727668 0.99733 0.00610191 3.00267 -0.00308976 -0.00589267 0.999978 0.287901
0.99731 -0.0731257 0.00505338 50.0281 0.0730919 0.997303 0.00658944 3.07329 -0.00552162 -0.00620235 0.999966 0.282212
0.99728 -0.0731563 0.00895139 51.0012 0.0731309 0.997317 0.00313799 3.14551 -0.00915694 -0.00247483 0.999955 0.294093
0.997254 -0.073401 0.00978771 51.9626 0.073375 0.9973 0.00299067 3.21882 -0.0099808 -0.00226429 0.999948 0.294399
0.997246 -0.0735516 0.00950569 52.9281 0.0735627 0.99729 -0.000827251 3.28793 -0.00941909 0.00152424 0.999954 0.299761
0.99722 -0.0740206 0.00855626 53.895 0.0740521 0.997248 -0.00342239 3.35545 -0.00827939 0.00404649 0.999958 0.310195
0.997145 -0.074927 0.00939289 54.8454 0.0749712 0.997176 -0.00444134 3.4303 -0.00903359 0.00513286 0.999946 0.307608
0.997043 -0.0757418 0.0129488 55.7974 0.0758226 0.997104 -0.00586788 3.50155 -0.0124669 0.00683235 0.999899 0.30129
0.996892 -0.0765698 0.0185161 56.7681 0.0767248 0.997022 -0.00780813 3.5667 -0.0178631 0.00920451 0.999798 0.310743
0.996789 -0.0772491 0.0210683 57.7191 0.0774249 0.996969 -0.00765862 3.64728 -0.0204128 0.00926524 0.999749 0.300189
0.996749 -0.0783999 0.0185553 58.6581 0.0785633 0.996875 -0.00824776 3.72845 -0.0178507 0.00967871 0.999794 0.298085
0.996729 -0.0799375 0.0118879 59.5913 0.0800252 0.996768 -0.00709205 3.81144 -0.0112825 0.00802018 0.999904 0.298552
0.996713 -0.0807744 0.00624521 60.5093 0.0808045 0.996719 -0.00473892 3.8869 -0.00584193 0.00522799 0.999969 0.30476
0.99664 -0.0817224 0.00556467 61.4246 0.0817161 0.996655 0.00135156 3.97824 -0.0056565 -0.000892294 0.999984 0.296141
0.996565 -0.0824644 0.00756265 62.324 0.0824309 0.996586 0.00463749 4.06113 -0.00791926 -0.00399817 0.999961 0.30151
0.996462 -0.0835607 0.00901261 63.2086 0.0835162 0.996493 0.00520917 4.14317 -0.00941628 -0.00443804 0.999946 0.30796
0.996363 -0.0847309 0.00898332 64.0862 0.0846819 0.996392 0.0056992 4.22399 -0.00943381 -0.00491775 0.999943 0.313119
0.996229 -0.0862386 0.00951334 64.9369 0.0861746 0.996256 0.00694284 4.30223 -0.0100765 -0.00609685 0.999931 0.313483
0.996109 -0.0875458 0.010087 65.7817 0.0874709 0.996138 0.00763443 4.38281 -0.0107164 -0.00672241 0.99992 0.318961
0.99598 -0.0889567 0.0104741 66.6071 0.0888757 0.996011 0.00795891 4.4614 -0.0111403 -0.00699603 0.999913 0.324231
0.995854 -0.0902295 0.0115334 67.4204 0.0901303 0.995891 0.00885541 4.53855 -0.012285 -0.0077792 0.999894 0.328941
0.995704 -0.0915736 0.0137115 68.2268 0.0914098 0.995739 0.0121325 4.61828 -0.0147641 -0.010827 0.999832 0.332089
0.99553 -0.0928687 0.0172059 69.025 0.0926244 0.995596 0.0144897 4.69729 -0.0184757 -0.0128312 0.999747 0.324013
0.995336 -0.0944933 0.019446 69.8023 0.0942195 0.995445 0.0145465 4.77911 -0.0207319 -0.0126464 0.999705 0.320217
0.995245 -0.0959352 0.0168196 70.5542 0.0957022 0.995309 0.0141472 4.85828 -0.018098 -0.0124703 0.999758 0.333176
0.995231 -0.0970671 0.00965941 71.2768 0.0969244 0.995189 0.0142861 4.93613 -0.0109997 -0.0132818 0.999851 0.332321
0.99514 -0.0983973 0.00375692 71.9901 0.0983359 0.995055 0.0140098 5.01056 -0.00511686 -0.0135723 0.999895 0.33697
0.995104 -0.0988178 0.00167375 72.6795 0.0987748 0.994962 0.017166 5.08276 -0.00336163 -0.0169166 0.999851 0.335028
0.995022 -0.0995619 0.00421586 73.3653 0.0994506 0.994814 0.021339 5.16107 -0.00631855 -0.0208136 0.999763 0.33957
0.994881 -0.100837 0.00662029 74.0227 0.100694 0.994732 0.0191894 5.23745 -0.00852041 -0.0184245 0.999794 0.343073
0.99482 -0.101555 0.00453209 74.6569 0.101469 0.994706 0.0162219 5.2971 -0.00615552 -0.015678 0.999858 0.35295
0.994834 -0.101512 0.000422062 75.2709 0.101504 0.994796 0.00883316 5.34898 -0.00131654 -0.00874469 0.999961 0.363791
0.994932 -0.100478 -0.00370186 75.8706 0.100494 0.994927 0.00466601 5.41044 0.00321425 -0.00501438 0.999982 0.375404
0.995211 -0.0976463 -0.00455649 76.4614 0.0976775 0.995192 0.00720463 5.47596 0.00383108 -0.0076152 0.999964 0.383534
0.995613 -0.0935348 -0.00239999 77.0255 0.0935573 0.995538 0.0122577 5.54404 0.00124276 -0.0124284 0.999922 0.382687
0.996036 -0.0889488 0.000634148 77.5825 0.0889362 0.995974 0.0112284 5.58999 -0.00163035 -0.0111275 0.999937 0.38581
0.99651 -0.0833237 0.00501387 78.1245 0.0832785 0.996489 0.00863878 5.63245 -0.00571608 -0.00819108 0.99995 0.391125
0.997102 -0.0755391 0.00901646 78.6473 0.0755039 0.997137 0.00417626 5.66264 -0.00930611 -0.00348338 0.999951 0.404025
0.997824 -0.0652264 0.00963916 79.1618 0.0651648 0.997853 0.00657707 5.6984 -0.0100475 -0.00593463 0.999932 0.421336
0.998672 -0.0506559 0.00939235 79.6636 0.0505517 0.998661 0.0110173 5.72854 -0.00993786 -0.0105279 0.999895 0.42411
0.999413 -0.0328063 0.00982549 80.1445 0.0326457 0.999338 0.0160786 5.7471 -0.0103465 -0.0157484 0.999822 0.418919
0.999879 -0.0112714 0.0107196 80.6172 0.011109 0.999825 0.0150849 5.73836 -0.0108877 -0.014964 0.999829 0.413109
0.999817 0.0147026 0.0122637 81.0707 -0.014854 0.999813 0.0123486 5.7193 -0.0120798 -0.0125285 0.999849 0.417187
0.998929 0.0439823 0.0143971 81.5137 -0.0441466 0.998961 0.0112986 5.68534 -0.0138852 -0.0119221 0.999833 0.426573
0.996924 0.0766028 0.0165476 81.954 -0.0767886 0.996988 0.0108983 5.64006 -0.0156629 -0.0121355 0.999804 0.429941
0.993359 0.113706 0.0175773 82.3758 -0.113904 0.993434 0.0107288 5.58317 -0.016242 -0.0126597 0.999788 0.431673
0.987746 0.154962 0.0185807 82.7901 -0.155179 0.987827 0.0108656 5.51383 -0.0166707 -0.0136158 0.999768 0.42953
0.97965 0.199799 0.019125 83.1932 -0.200027 0.97973 0.0108485 5.4191 -0.0165699 -0.0144533 0.999758 0.428706
0.968398 0.248726 0.0184751 83.5761 -0.248973 0.968429 0.0125398 5.31886 -0.0147729 -0.0167433 0.999751 0.429169
0.953514 0.300864 0.0171074 83.9518 -0.301097 0.953502 0.0132136 5.19254 -0.0123364 -0.0177503 0.999766 0.430018
0.934388 0.355888 0.0162035 84.3147 -0.356104 0.934351 0.0133121 5.03554 -0.0104022 -0.0182088 0.99978 0.430051
0.882771 0.469579 0.0145325 84.987 -0.469763 0.882678 0.0142072 4.66414 -0.0061561 -0.0193685 0.999793 0.417795
0.850418 0.525947 0.0130309 85.2957 -0.526089 0.850335 0.0126429 4.43859 -0.00443117 -0.0176071 0.999835 0.423499
0.814571 0.579922 0.0128519 85.589 -0.580054 0.814488 0.0120844 4.19356 -0.00345971 -0.0172984 0.999844 0.431383
0.775695 0.630949 0.0141767 85.8732 -0.631094 0.775631 0.010825 3.93447 -0.00416587 -0.0173437 0.999841 0.445993
0.733975 0.678967 0.0168709 86.1383 -0.679152 0.733933 0.00973394 3.66267 -0.00577309 -0.0186024 0.99981 0.444733
0.689696 0.723895 0.0171734 86.3912 -0.724077 0.689664 0.00865724 3.37021 -0.00557697 -0.0184058 0.999815 0.438305
0.64407 0.764829 0.0145133 86.6166 -0.764956 0.644046 0.00689279 3.05482 -0.00407544 -0.0155415 0.999871 0.433374
0.597902 0.801493 0.0110345 86.8238 -0.801562 0.597899 0.00396554 2.72701 -0.00341919 -0.0112159 0.999931 0.446896
0.551759 0.833913 0.012328 87.0181 -0.833999 0.551747 0.00464429 2.40318 -0.00292899 -0.012844 0.999913 0.467606
0.505148 0.862902 0.0150507 87.1987 -0.863032 0.505102 0.00696238 2.071 -0.00159429 -0.0165063 0.999862 0.473294
0.459815 0.887882 0.0153725 87.368 -0.888014 0.459735 0.00859207 1.72512 0.000561463 -0.0176018 0.999845 0.468047
0.417569 0.908598 0.0092529 87.5208 -0.908641 0.417513 0.00740913 1.36878 0.00286872 -0.0115014 0.99993 0.437823
0.377368 0.926062 -0.00163539 87.6342 -0.926063 0.377369 0.000437805 0.99836 0.00102258 0.00134926 0.999999 0.443317
0.34122 0.939968 -0.00547086 87.7528 -0.939979 0.341195 -0.00499965 0.636772 -0.00283288 0.00684847 0.999973 0.46958
0.276466 0.961013 0.00454149 87.9928 -0.96102 0.276449 0.00409533 -0.102833 0.00268017 -0.00549668 0.999981 0.514302
0.247676 0.9688 0.00914405 88.1016 -0.968821 0.247596 0.00910577 -0.476301 0.00655764 -0.0111142 0.999917 0.505685
0.2217 0.975083 0.00788295 88.1815 -0.975074 0.22161 0.010957 -0.869022 0.00893708 -0.0101156 0.999909 0.499218
0.197846 0.980233 0.000989238 88.2553 -0.980167 0.197821 0.011842 -1.27706 0.0114122 -0.00331252 0.999929 0.493704
0.17707 0.98417 -0.00742807 88.3126 -0.984038 0.177172 0.016717 -1.68702 0.0177684 0.00434943 0.999833 0.505738
0.157181 0.987523 -0.00963237 88.3728 -0.987261 0.157369 0.0234721 -2.11031 0.0246951 0.00582028 0.999678 0.509047
0.139458 0.990211 -0.00576513 88.4436 -0.989899 0.139559 0.0249795 -2.55622 0.0255395 0.00222332 0.999671 0.521862
0.123962 0.992285 -0.00193306 88.506 -0.992059 0.123975 0.021188 -3.01633 0.0212642 -0.000708795 0.999774 0.52803
0.109493 0.993986 -0.0018754 88.5497 -0.993826 0.109509 0.0178108 -3.48128 0.0179091 -8.63308e-05 0.99984 0.540226
0.0965223 0.995326 -0.00304474 88.5908 -0.995205 0.0965583 0.0155941 -3.96311 0.0158152 0.00152497 0.999874 0.551403
0.0849468 0.996359 -0.00722634 88.6224 -0.996272 0.0850443 0.0144874 -4.45804 0.0150492 0.00596874 0.999869 0.560902
0.0748348 0.997142 -0.0103596 88.6536 -0.997077 0.0749823 0.0146727 -4.9783 0.0154076 0.00923126 0.999839 0.572723
0.0670606 0.997669 -0.0126267 88.6839 -0.997622 0.0672488 0.0151173 -5.508 0.0159312 0.0115829 0.999806 0.584943
0.061377 0.998012 -0.0143024 88.7152 -0.997983 0.0615953 0.0153547 -6.05522 0.0162051 0.0133311 0.99978 0.594914
0.0556498 0.998343 -0.0146228 88.7447 -0.998306 0.055885 0.0161993 -6.61475 0.0169896 0.0136965 0.999762 0.606064
0.0494819 0.99866 -0.0151305 88.7638 -0.998622 0.0497339 0.0167549 -7.20429 0.0174849 0.0142805 0.999745 0.614813
0.0451138 0.998836 -0.0170695 88.7936 -0.998825 0.0454029 0.0169481 -7.80277 0.0177034 0.0162849 0.999711 0.622576
0.042207 0.998944 -0.0181754 88.8228 -0.998957 0.0425109 0.0166668 -8.42146 0.0174219 0.017453 0.999696 0.636257
0.0393215 0.999044 -0.0190737 88.8498 -0.999083 0.0396327 0.016221 -9.06275 0.0169614 0.0184184 0.999686 0.651262
0.0368736 0.999127 -0.0196296 88.8676 -0.999181 0.0371886 0.015934 -9.71265 0.0166501 0.019026 0.99968 0.656707
0.035895 0.999075 -0.0236802 88.888 -0.999222 0.0362673 0.0154836 -10.3993 0.0163281 0.023106 0.9996 0.671195
0.0368124 0.998958 -0.0269839 88.9026 -0.999195 0.0372251 0.0149508 -11.1012 0.0159397 0.0264118 0.999524 0.683654
0.0395639 0.998791 -0.0291628 88.9244 -0.99909 0.0400081 0.0148109 -11.8078 0.0159597 0.0285503 0.999465 0.70196
0.0432027 0.998604 -0.0303932 88.9546 -0.998937 0.0436665 0.0147644 -12.5273 0.0160709 0.0297231 0.999429 0.712305
0.0474713 0.998391 -0.031025 88.9903 -0.998745 0.0479379 0.0144746 -13.2695 0.0159386 0.0302989 0.999414 0.727034
0.0512337 0.998144 -0.0329107 89.0186 -0.998579 0.051685 0.0130099 -14.0408 0.0146867 0.0321974 0.999374 0.739618
0.0555608 0.997908 -0.0330681 89.0749 -0.998367 0.0559652 0.0114322 -14.8228 0.013259 0.0323789 0.999388 0.756658
0.0595745 0.997757 -0.0305206 89.1345 -0.998157 0.0598964 0.00974334 -15.6207 0.0115496 0.0298839 0.999487 0.768718
0.063592 0.997561 -0.0287618 89.182 -0.997922 0.0638627 0.00859344 -16.4108 0.0104093 0.0281556 0.999549 0.780399
0.0677767 0.99733 -0.0271875 89.237 -0.997642 0.0680439 0.00902963 -17.2185 0.0108555 0.0265113 0.99959 0.797065
0.0710335 0.997145 -0.0256284 89.3038 -0.997371 0.0713711 0.0125042 -18.0248 0.0142976 0.0246728 0.999593 0.8216
0.0724545 0.997093 -0.0235893 89.3782 -0.997182 0.0728824 0.0178122 -18.8359 0.0194797 0.0222322 0.999563 0.834771
0.0724568 0.997199 -0.0185562 89.4531 -0.997125 0.0728402 0.0208969 -19.6446 0.02219 0.0169888 0.999609 0.854459
0.0729864 0.99722 -0.0150085 89.5282 -0.997095 0.0732893 0.0207359 -20.4722 0.0217782 0.0134514 0.999672 0.872506
0.0733274 0.997232 -0.0122972 89.5934 -0.997105 0.0735556 0.0192578 -21.296 0.020109 0.0108495 0.999739 0.901862
0.0729319 0.997247 -0.0133791 89.6587 -0.997164 0.0731626 0.0176501 -22.1149 0.0185804 0.0120539 0.999755 0.92273
0.0731446 0.997251 -0.0118417 89.7258 -0.997162 0.0733402 0.0170353 -22.9349 0.0178569 0.0105621 0.999785 0.94786
0.0734822 0.99725 -0.00961049 89.7943 -0.99714 0.073638 0.0170208 -23.7591 0.0176817 0.00833227 0.999809 0.971431
0.0734978 0.997261 -0.00827703 89.8568 -0.997134 0.0736327 0.0173769 -24.5832 0.0179388 0.00697615 0.999815 0.994011
0.0726244 0.997354 -0.00339854 89.9323 -0.997183 0.0726752 0.0185644 -25.3971 0.0187623 0.00204073 0.999822 1.02225
0.0700861 0.99754 -0.00130635 89.9977 -0.997371 0.0700983 0.0183581 -26.2071 0.0184045 1.62683e-05 0.999831 1.04873
0.066575 0.997779 0.00224048 90.0672 -0.997637 0.0665269 0.0171796 -27.0186 0.0169924 -0.00337891 0.99985 1.06741
0.0616648 0.99809 0.00364604 90.1298 -0.997993 0.0616051 0.0146909 -27.8341 0.0144383 -0.00454464 0.999885 1.09257
0.0556566 0.99843 0.00636398 90.1887 -0.998372 0.0555711 0.0128881 -28.6569 0.0125143 -0.00707093 0.999897 1.11371
0.0479937 0.998831 0.0058391 90.2381 -0.998771 0.0479166 0.012696 -29.4724 0.0124014 -0.00644125 0.999902 1.13591
0.038913 0.999224 0.00610971 90.2807 -0.999156 0.0388286 0.0133809 -30.2834 0.0131333 -0.00662524 0.999892 1.15623
0.0289463 0.999563 0.00594404 90.3055 -0.999496 0.0288656 0.0132416 -31.0944 0.0130642 -0.00632434 0.999895 1.17454
0.0187576 0.99981 0.00527019 90.3175 -0.999744 0.018689 0.0127637 -31.8952 0.0126628 -0.00550826 0.999905 1.19545
0.0080961 0.999949 0.00597955 90.3291 -0.999901 0.0080269 0.0115111 -32.6917 0.0114626 -0.00607215 0.999916 1.22083
-0.00340688 0.999975 0.00615881 90.3261 -0.999937 -0.00347221 0.0106366 -33.4752 0.0106578 -0.00612218 0.999924 1.23554
-0.0142312 0.999882 0.0057124 90.3229 -0.999836 -0.0142939 0.0110836 -34.2765 0.0111639 -0.00555374 0.999922 1.26023
-0.0250413 0.999676 0.00461158 90.3062 -0.999622 -0.0250918 0.0112121 -35.0586 0.0113242 -0.00432907 0.999927 1.2796
-0.0358838 0.999343 0.00503425 90.2809 -0.999279 -0.0359433 0.0122579 -35.835 0.0124307 -0.00459076 0.999912 1.30008
-0.0460577 0.998931 0.00391421 90.247 -0.998852 -0.046105 0.0130225 -36.6112 0.0131891 -0.00330992 0.999908 1.31901
-0.0560695 0.998422 0.0031913 90.2119 -0.998336 -0.0561074 0.0133487 -37.3706 0.0135067 -0.00243753 0.999906 1.33664
-0.0653545 0.997857 0.00326492 90.1669 -0.997767 -0.0653932 0.0136239 -38.1304 0.0138082 -0.00236725 0.999902 1.35681
-0.0746536 0.997205 0.00300918 90.1152 -0.997111 -0.0746882 0.0137933 -38.8748 0.0139795 -0.00197077 0.9999 1.3764
-0.0832243 0.99653 0.00150183 90.0496 -0.996441 -0.0832369 0.013301 -39.6229 0.0133798 -0.000389514 0.99991 1.39933
-0.0907918 0.995868 0.00172926 89.982 -0.995796 -0.0908061 0.0120354 -40.3656 0.0121427 -0.000629273 0.999926 1.41874
-0.0957417 0.995406 -0.000969851 89.9148 -0.995352 -0.0957263 0.0105596 -41.0838 0.0104182 0.00197634 0.999944 1.43678
-0.0996493 0.99502 -0.00236034 89.8394 -0.994987 -0.0996255 0.0086886 -41.8064 0.00841018 0.00321432 0.999959 1.45517
-0.102544 0.994717 -0.00485982 89.7707 -0.994703 -0.102506 0.00760759 -42.5168 0.00706924 0.0056142 0.999959 1.4683
-0.104459 0.994506 -0.0068206 89.6959 -0.994511 -0.104413 0.00682504 -43.2003 0.00607539 0.0074961 0.999953 1.48462
-0.104831 0.99447 -0.00636361 89.6241 -0.994468 -0.104784 0.00733581 -43.8789 0.00662843 0.00709743 0.999953 1.49743
-0.104004 0.994549 -0.00743842 89.5514 -0.99455 -0.103943 0.0081799 -44.545 0.00736214 0.00824862 0.999939 1.51439
-0.101044 0.994848 -0.00824793 89.4845 -0.994844 -0.100965 0.00952176 -45.1879 0.00863995 0.00916752 0.999921 1.52988
-0.0958096 0.995356 -0.00938327 89.4246 -0.995356 -0.0957124 0.0103121 -45.8075 0.00936607 0.0103277 0.999903 1.54164
-0.0880713 0.996078 -0.00844457 89.3659 -0.996063 -0.0879782 0.0108305 -46.4243 0.0100451 0.00936518 0.999906 1.55694
-0.0770767 0.997001 -0.00692486 89.3309 -0.996971 -0.0769982 0.0109688 -47.0161 0.0104027 0.00774932 0.999916 1.56831
-0.0634432 0.997969 -0.00568082 89.3042 -0.997926 -0.0633761 0.0113005 -47.5962 0.0109175 0.00638597 0.99992 1.59198
-0.0459746 0.998928 -0.00534994 89.2837 -0.998865 -0.0459036 0.0127172 -48.1437 0.012458 0.00592854 0.999905 1.60406
-0.0249327 0.999678 -0.004646 89.2853 -0.99957 -0.0248579 0.0155423 -48.6851 0.0154219 0.00503151 0.999868 1.61841
-0.00068903 0.999995 -0.00322798 89.2992 -0.999826 -0.000628829 0.0186238 -49.2282 0.0186217 0.00324026 0.999821 1.63643
0.027263 0.999627 -0.00183316 89.334 -0.99942 0.0272947 0.0203737 -49.7632 0.0204162 0.00127665 0.999791 1.65296
0.060145 0.998189 -0.000808526 89.3886 -0.997977 0.0601489 0.0205774 -50.2982 0.0205888 -0.000430738 0.999788 1.6672
0.0979167 0.995194 -0.000624697 89.4603 -0.99501 0.0979106 0.0191965 -50.8367 0.0191654 -0.00125808 0.999816 1.67212
0.139495 0.990223 -9.00533e-05 89.5655 -0.990096 0.139479 0.0159734 -51.3525 0.0158298 -0.00213905 0.999872 1.68593
0.184438 0.982842 0.00223597 89.6986 -0.982774 0.184397 0.0123998 -51.8668 0.0117748 -0.00448445 0.999921 1.699
0.23228 0.972629 0.00616139 89.8553 -0.972618 0.232217 0.00946743 -52.3711 0.00777752 -0.00819178 0.999936 1.71624
0.283366 0.958969 0.00904018 90.0351 -0.958998 0.283299 0.00798015 -52.8702 0.00509164 -0.0109308 0.999927 1.73312
0.337209 0.941384 0.00931027 90.2461 -0.94142 0.337143 0.00793706 -53.3398 0.00433292 -0.0114413 0.999925 1.73461
0.394412 0.918912 0.00635492 90.4775 -0.918919 0.394357 0.00837558 -53.7899 0.00519031 -0.00914309 0.999945 1.75207
0.453843 0.891078 0.0025425 90.7322 -0.89104 0.453791 0.0110441 -54.2243 0.0086874 -0.00727776 0.999936 1.76875
0.512972 0.858403 -0.00217928 91.0092 -0.8583 0.512947 0.014365 -54.6217 0.0134488 -0.00549839 0.999894 1.79099
0.571109 0.82087 -0.00257219 91.3193 -0.820698 0.571049 0.0189131 -55.0008 0.0169941 -0.00869045 0.999818 1.80312
0.626704 0.779249 -0.00356378 91.6518 -0.779013 0.626615 0.0221961 -55.3541 0.0195294 -0.0111342 0.999747 1.80566
0.67946 0.733686 -0.00623897 91.9927 -0.733391 0.67939 0.0238154 -55.675 0.0217117 -0.011606 0.999697 1.80686
0.728503 0.684997 -0.00788138 92.3533 -0.684709 0.728459 0.022824 -55.9833 0.0213756 -0.0112309 0.999708 1.80854
0.815042 0.5794 -0.00155183 93.1373 -0.57931 0.814957 0.0156568 -56.508 0.0103362 -0.011862 0.999876 1.82579
0.85153 0.524293 0.00377878 93.5556 -0.524295 0.851441 0.0128012 -56.7204 0.00349415 -0.0128818 0.999911 1.8444
0.882619 0.470006 0.0088225 93.9734 -0.470081 0.88256 0.0106136 -56.9206 -0.00279793 -0.013515 0.999905 1.84353
0.908175 0.418327 0.0148503 94.4025 -0.418482 0.908176 0.00947916 -57.0796 -0.0095213 -0.0148233 0.999845 1.8618
0.928458 0.370983 0.0183683 94.8326 -0.37121 0.928484 0.0109781 -57.2305 -0.0129819 -0.0170112 0.999771 1.87475
0.943612 0.330302 0.0223052 95.272 -0.330673 0.943617 0.0155838 -57.3473 -0.0159002 -0.0220808 0.99963 1.87541
0.955378 0.294583 0.0217418 95.7276 -0.29501 0.955285 0.0200033 -57.4645 -0.014877 -0.0255248 0.999563 1.87412
0.964455 0.263466 0.0202913 96.1778 -0.263896 0.964286 0.0226245 -57.563 -0.0136059 -0.0271751 0.999538 1.83965
0.970261 0.241351 0.0185198 96.6335 -0.241676 0.970191 0.0179334 -57.6802 -0.0136395 -0.0218759 0.999668 1.84091
0.974012 0.225764 0.0182109 97.1125 -0.226045 0.973998 0.0152178 -57.7826 -0.0143017 -0.0189388 0.999718 1.84371
0.976847 0.213108 0.0188279 97.6094 -0.213453 0.976774 0.0187207 -57.8654 -0.0144011 -0.0223061 0.999647 1.84942
0.980103 0.19751 0.0197025 98.6354 -0.198043 0.979725 0.0302947 -58.0274 -0.0133195 -0.0335938 0.999347 1.83609
0.980704 0.194749 0.0170908 99.1575 -0.195255 0.980092 0.0359871 -58.1102 -0.00974211 -0.0386298 0.999206 1.83028
0.980847 0.194239 0.0145129 99.6986 -0.194663 0.980118 0.0384058 -58.2071 -0.00676446 -0.0404953 0.999157 1.82274
0.980358 0.196943 0.0105895 100.248 -0.197198 0.979719 0.0355445 -58.3133 -0.00337452 -0.0369345 0.999312 1.81775
0.979531 0.201255 0.00381401 100.804 -0.201271 0.97899 0.0326969 -58.4294 0.00284656 -0.0327953 0.999458 1.82818
0.978652 0.205525 0.000250479 101.382 -0.205405 0.978034 0.0354615 -58.5554 0.00704327 -0.0347559 0.999371 1.83071
0.977716 0.209923 0.00202319 101.954 -0.209826 0.976867 0.0412767 -58.6607 0.00668854 -0.0407814 0.999146 1.83836
0.97652 0.215324 0.0065773 102.561 -0.215402 0.975518 0.0443418 -58.7811 0.00313158 -0.0447174 0.998995 1.83317
0.975446 0.219991 0.0104329 103.178 -0.220237 0.974532 0.0422305 -58.9153 -0.000876869 -0.0434913 0.999053 1.83038
0.974533 0.22371 0.0154751 103.798 -0.224157 0.973763 0.0392335 -59.0671 -0.00629213 -0.0417032 0.99911 1.82778
0.973628 0.227264 0.0199719 104.44 -0.227876 0.972975 0.0373017 -59.2124 -0.0109548 -0.0408691 0.999104 1.82362
0.972979 0.230091 0.019218 105.078 -0.23061 0.972532 0.0316186 -59.3704 -0.011415 -0.0351961 0.999315 1.8205
0.97285 0.230919 0.0154622 105.725 -0.231274 0.972497 0.027605 -59.5298 -0.00866245 -0.0304315 0.999499 1.81405
0.973017 0.230586 0.00823579 106.394 -0.230724 0.972686 0.0254871 -59.6847 -0.00213386 -0.0266996 0.999641 1.82245
0.973251 0.229732 0.00228953 107.048 -0.229697 0.972811 0.0296394 -59.8368 0.00458183 -0.0293725 0.999558 1.82196
0.973823 0.227306 -0.000513626 107.732 -0.227162 0.973284 0.0334014 -59.9882 0.00809224 -0.0324104 0.999442 1.83416
0.974419 0.224708 0.00372755 108.431 -0.224697 0.973783 0.0354785 -60.1464 0.00434246 -0.0354085 0.999363 1.82595
0.974763 0.222995 0.010527 109.151 -0.223224 0.97421 0.0329369 -60.316 -0.00291078 -0.0344556 0.999402 1.82888
0.97534 0.220106 0.0162887 109.881 -0.220529 0.97486 0.0318439 -60.4754 -0.00887019 -0.0346507 0.99936 1.83362
0.975701 0.218529 0.0158818 110.615 -0.218945 0.975192 0.0325998 -60.6286 -0.00836377 -0.0352849 0.999342 1.83612
0.976186 0.216559 0.0127933 111.356 -0.216895 0.97545 0.0381218 -60.7798 -0.00422362 -0.0399887 0.999191 1.83699
0.977033 0.212971 0.00710032 112.104 -0.213085 0.976252 0.0390636 -60.9374 0.00138771 -0.0396793 0.999211 1.83906
0.977905 0.209007 0.00428849 112.864 -0.209014 0.977142 0.038825 -61.1039 0.00392423 -0.0388635 0.999237 1.84184
0.978714 0.205167 0.00508973 113.648 -0.205213 0.978013 0.0371358 -61.2621 0.00264122 -0.0373898 0.999297 1.84285
0.979441 0.201643 0.00598921 114.452 -0.20173 0.978891 0.0328354 -61.4322 0.000758245 -0.0333686 0.999443 1.84901
0.979884 0.199392 0.00832195 115.255 -0.199558 0.979353 0.0323166 -61.5945 -0.00170645 -0.0333273 0.999443 1.85233
0.980111 0.198199 0.01002 116.05 -0.198409 0.9797 0.0286721 -61.7634 -0.00413379 -0.0300898 0.999539 1.84806
0.980227 0.19759 0.0106641 116.856 -0.197802 0.979922 0.0250557 -61.9295 -0.00549922 -0.0266697 0.999629 1.85792
0.980286 0.19719 0.0124666 117.682 -0.197451 0.979989 0.02518 -62.0887 -0.00725184 -0.0271451 0.999605 1.85739
0.980242 0.197458 0.0116347 118.497 -0.197715 0.979848 0.0283948 -62.2459 -0.00579344 -0.0301342 0.999529 1.86704
0.980114 0.198191 0.00983035 119.327 -0.198413 0.979534 0.0338418 -62.3953 -0.00292202 -0.0351193 0.999379 1.86617
0.979982 0.198818 0.0103082 120.17 -0.199079 0.979031 0.0431862 -62.5553 -0.00150584 -0.0443738 0.999014 1.86854
0.979392 0.201571 0.0127026 121.004 -0.201959 0.978069 0.0509321 -62.7066 -0.00215761 -0.0524479 0.998621 1.87087
0.978797 0.204308 0.0146296 121.849 -0.204804 0.977342 0.0534643 -62.8747 -0.00337486 -0.0553269 0.998463 1.86682
0.978246 0.206983 0.0139126 122.703 -0.207435 0.976784 0.0535123 -63.047 -0.00251351 -0.0552341 0.99847 1.87249
0.977792 0.209253 0.0116301 123.542 -0.209575 0.976467 0.0509021 -63.2098 -0.000704932 -0.052209 0.998636 1.87102
0.977519 0.210581 0.0105555 124.384 -0.210844 0.976484 0.0449778 -63.3992 -0.000835794 -0.0461922 0.998932 1.87327
0.977445 0.210998 0.0089532 125.226 -0.211188 0.976663 0.0390978 -63.5919 -0.000494692 -0.0401068 0.999195 1.88729
0.977267 0.211826 0.00885748 126.067 -0.212009 0.976558 0.0372465 -63.7781 -0.000760066 -0.0382777 0.999267 1.91161
0.97696 0.21308 0.0120515 126.917 -0.213395 0.97616 0.0396645 -63.9588 -0.00331244 -0.0413224 0.99914 1.91835
0.976658 0.214028 0.0181962 127.77 -0.214618 0.975808 0.0416826 -64.1355 -0.00883474 -0.0446149 0.998965 1.91807
0.976373 0.214915 0.0225208 128.619 -0.21573 0.975457 0.0440825 -64.3092 -0.0124941 -0.0478994 0.998774 1.9092
0.976156 0.21647 0.0161045 129.443 -0.216978 0.975202 0.0436119 -64.4883 -0.00626446 -0.0460664 0.998919 1.8988
0.976174 0.21699 0.000708815 130.254 -0.216841 0.975376 0.0402724 -64.6674 0.00804733 -0.0394665 0.999188 1.90469
0.976191 0.216782 -0.00748484 131.07 -0.216355 0.975578 0.0379317 -64.8531 0.015525 -0.0354092 0.999252 1.94259
0.976444 0.215765 0.00132147 131.907 -0.215668 0.975779 0.0366412 -65.0413 0.00661643 -0.0360631 0.999328 1.9584
0.976562 0.214277 0.0203226 132.764 -0.214837 0.976148 0.0313164 -65.224 -0.0131275 -0.0349484 0.999303 1.95763
0.976536 0.212696 0.0337344 133.591 -0.213561 0.976623 0.0244916 -65.414 -0.0277365 -0.0311213 0.999131 1.94875
0.976943 0.211713 0.0275526 134.407 -0.212396 0.976869 0.0247882 -65.5814 -0.0216673 -0.0300687 0.999313 1.93607
0.9774 0.210898 0.0145028 135.216 -0.211272 0.976874 0.0328674 -65.7393 -0.00723577 -0.0351887 0.999354 1.95078
0.977705 0.209874 0.00670804 136.023 -0.209979 0.977031 0.0363248 -65.9092 0.00106968 -0.0369235 0.999318 1.93041
0.978062 0.208224 0.00609607 136.837 -0.20831 0.977454 0.0344951 -66.0819 0.00122407 -0.0350082 0.999386 1.94915
0.978598 0.205648 0.00740522 137.659 -0.205781 0.978051 0.0327146 -66.2513 -0.000514987 -0.0335382 0.999437 1.96821
0.979394 0.201868 0.0061026 138.474 -0.20196 0.978889 0.0314491 -66.4187 0.000374818 -0.0320335 0.999487 1.98173
0.980324 0.197337 0.00481337 139.286 -0.197389 0.979801 0.0320481 -66.5702 0.00160812 -0.0323676 0.999475 1.98734
0.980974 0.194064 0.00546478 140.099 -0.194133 0.980283 0.0368365 -66.7282 0.00179161 -0.0371965 0.999306 2.00114
0.981439 0.19168 0.00596182 140.9 -0.191759 0.98052 0.042528 -66.8672 0.00230609 -0.0428819 0.999077 2.00841
0.981734 0.190057 0.00873558 141.706 -0.190258 0.980717 0.0446874 -67.0138 -7.39684e-05 -0.0455332 0.998963 2.01317
0.981949 0.188754 0.0121454 142.512 -0.18911 0.980973 0.0439239 -67.171 -0.00362353 -0.0454278 0.998961 2.0092
0.982245 0.187203 0.0122077 143.313 -0.187556 0.981348 0.0421823 -67.3195 -0.0040833 -0.043723 0.999035 2.01959
0.982734 0.184799 0.0091177 144.12 -0.185017 0.981925 0.0399053 -67.4631 -0.00157845 -0.0409032 0.999162 2.02857
0.983536 0.180644 0.00498462 144.923 -0.180705 0.982854 0.0366449 -67.6143 0.00172053 -0.0369423 0.999316 2.03519
0.984687 0.1743 0.00343263 145.728 -0.174315 0.9841 0.0340921 -67.7494 0.00256421 -0.0341684 0.999413 2.04715
0.985826 0.167597 0.00768596 146.524 -0.167765 0.985201 0.035136 -67.889 -0.00168353 -0.0359274 0.999353 2.0412
0.986736 0.161636 0.0150042 147.318 -0.162047 0.98626 0.0321302 -68.0152 -0.00960459 -0.0341354 0.999371 2.04104
0.987269 0.157206 0.0241961 148.127 -0.157919 0.986961 0.0311208 -68.1477 -0.0189882 -0.0345456 0.999223 2.04971
0.987808 0.153124 0.0280846 148.929 -0.154029 0.987497 0.0335343 -68.2606 -0.0225985 -0.0374512 0.999043 2.05039
0.988594 0.148715 0.0237832 149.73 -0.149476 0.988171 0.0342803 -68.3704 -0.0184039 -0.0374443 0.999129 2.04416
0.989741 0.142174 0.0141318 150.537 -0.142585 0.989187 0.0343429 -68.4745 -0.00909633 -0.0360056 0.99931 2.0521
0.990738 0.135559 0.00781339 151.322 -0.135742 0.990226 0.0320445 -68.5828 -0.0033931 -0.0328083 0.999456 2.04512
0.99159 0.129149 0.00834638 152.136 -0.12936 0.991013 0.0340387 -68.6875 -0.00387533 -0.0348322 0.999386 2.04528
0.992545 0.121311 0.0117587 152.957 -0.121692 0.991745 0.0404011 -68.7726 -0.0067605 -0.0415308 0.999114 2.04448
0.993483 0.113445 0.0110102 153.782 -0.113822 0.992537 0.0437628 -68.8523 -0.00596336 -0.0447308 0.998981 2.04943
0.994598 0.103637 0.0057822 154.602 -0.103794 0.993534 0.0460071 -68.9268 -0.000976774 -0.0463588 0.998924 2.04911
0.99546 0.0951371 0.00301464 155.418 -0.0951762 0.994441 0.0450325 -69.0057 0.00128638 -0.045115 0.998981 2.05354
0.996192 0.0870536 0.00481955 156.252 -0.0871827 0.995164 0.0452466 -69.0664 -0.000857366 -0.0454945 0.998964 2.05736
0.996818 0.0789724 0.010823 157.083 -0.0794014 0.995703 0.0476493 -69.1222 -0.00701349 -0.0483571 0.998805 2.05136
0.997379 0.0704536 0.0164634 157.924 -0.0711957 0.99621 0.0499612 -69.1679 -0.0128811 -0.0510023 0.998615 2.05147
0.997855 0.0624883 0.019489 158.745 -0.0633953 0.996733 0.0500369 -69.2158 -0.0162987 -0.0511651 0.998557 2.04679
0.998196 0.0561035 0.0213972 159.575 -0.057113 0.997119 0.0499148 -69.2581 -0.0185352 -0.0510468 0.998524 2.04289
0.998455 0.0518107 0.0200698 160.392 -0.052747 0.997389 0.0493321 -69.3027 -0.0174615 -0.0503145 0.998581 2.03728
0.998757 0.0473599 0.0155168 161.224 -0.048125 0.997416 0.0533429 -69.326 -0.0129504 -0.0540233 0.998456 2.05003
0.999005 0.0436007 0.00941806 162.035 -0.0440799 0.997301 0.0587167 -69.3502 -0.00683255 -0.0590734 0.99823 2.04631
0.999156 0.0405188 0.00672389 162.857 -0.0408557 0.997278 0.0613825 -69.3739 -0.00421844 -0.0616054 0.998092 2.04113
0.999191 0.0345463 0.0205808 164.525 -0.0358415 0.997156 0.0662987 -69.4171 -0.0182319 -0.0669827 0.997588 2.02161
0.999107 0.0308914 0.0288326 165.369 -0.0327821 0.997175 0.0675865 -69.4392 -0.0266633 -0.0684713 0.997297 2.01726
0.999325 0.0260988 0.0258595 166.177 -0.0276328 0.997764 0.0608533 -69.4686 -0.0242135 -0.0615268 0.997812 1.99921
0.99963 0.0215629 0.0165768 166.993 -0.0223554 0.998538 0.0492123 -69.4922 -0.0154914 -0.0495646 0.998651 2.00335
0.999897 0.00767981 0.0121095 168.64 -0.00833165 0.998466 0.0547305 -69.5013 -0.0116706 -0.0548257 0.998428 1.99434
0.999856 -0.0003528 0.0169819 169.48 -0.000550418 0.998586 0.053153 -69.4953 -0.0169767 -0.0531547 0.998442 1.97794
0.99976 -0.00744112 0.0205935 170.314 0.00642667 0.998783 0.0488963 -69.4978 -0.0209323 -0.0487522 0.998592 1.97867
0.999614 -0.0135282 0.0242699 171.157 0.0125467 0.999115 0.0401459 -69.4935 -0.0247915 -0.0398259 0.998899 1.95135
0.999513 -0.0193412 0.0244742 171.995 0.0185213 0.999274 0.0332967 -69.4869 -0.0251004 -0.0328272 0.999146 1.95398
0.999489 -0.0254992 0.0192705 172.829 0.0249869 0.99934 0.0263709 -69.4691 -0.0199302 -0.0258759 0.999466 1.96404
0.999418 -0.0327074 0.00973535 173.655 0.032537 0.999323 0.0171714 -69.4504 -0.0102904 -0.0168446 0.999805 1.95069
0.999222 -0.0390663 0.00543002 174.495 0.0389913 0.999151 0.0132823 -69.4381 -0.0059443 -0.0130602 0.999897 1.94211
0.998888 -0.0457721 0.0113296 175.346 0.0455235 0.998736 0.0213022 -69.387 -0.0122903 -0.0207627 0.999709 1.93751
0.998447 -0.0507665 0.0229551 176.196 0.0500846 0.998313 0.0293622 -69.3213 -0.0244069 -0.0281669 0.999305 1.91902
0.99798 -0.0557123 0.030539 177.05 0.0546777 0.997934 0.0337273 -69.2603 -0.032355 -0.0319894 0.998964 1.91062
0.997825 -0.0590798 0.0292388 177.893 0.0582447 0.997892 0.0286352 -69.208 -0.0308689 -0.0268699 0.999162 1.89585
0.997926 -0.0612073 0.0199151 178.737 0.0606269 0.997752 0.028544 -69.1533 -0.0216175 -0.0272774 0.999394 1.90673
0.997905 -0.0638853 0.0101925 179.574 0.0634596 0.997272 0.0377096 -69.0754 -0.0125738 -0.0369838 0.999237 1.89664
0.997807 -0.0659227 0.00598664 180.419 0.0656393 0.997074 0.0391653 -69.0105 -0.00855101 -0.0386865 0.999215 1.87938
0.997634 -0.0680323 0.00988664 181.274 0.0676332 0.997051 0.0362626 -68.9547 -0.0123245 -0.0355081 0.999293 1.86656
0.99751 -0.0682585 0.0177635 182.131 0.0676092 0.997102 0.0348899 -68.8963 -0.0200935 -0.0336021 0.999233 1.84765
0.997364 -0.0686856 0.0233796 182.991 0.0677932 0.997012 0.0370365 -68.8349 -0.0258536 -0.0353539 0.99904 1.83305
0.997255 -0.0702434 0.0234097 183.84 0.0694187 0.996996 0.0343544 -68.77 -0.0257525 -0.0326351 0.999135 1.83131
0.997291 -0.0718068 0.0159249 184.675 0.0713482 0.997067 0.0277085 -68.707 -0.0178679 -0.0264972 0.999489 1.82705
0.997259 -0.0738218 0.00502946 185.522 0.0737056 0.997073 0.0203028 -68.6625 -0.00651353 -0.0198765 0.999781 1.82327
0.997137 -0.0756099 0.00132235 186.374 0.0755868 0.997056 0.0128462 -68.6073 -0.00228976 -0.0127094 0.999917 1.82444
0.997046 -0.0766436 0.00506121 187.238 0.076519 0.996838 0.0214011 -68.5307 -0.00668546 -0.0209506 0.999758 1.82123
0.996855 -0.07795 0.0142657 188.09 0.077555 0.996638 0.0264116 -68.4538 -0.0162766 -0.0252222 0.999549 1.80856
0.996665 -0.0795411 0.0182478 188.936 0.0790599 0.996538 0.0257287 -68.3811 -0.0202311 -0.0242002 0.999502 1.81015
0.996655 -0.0802463 0.0154829 189.775 0.079882 0.996542 0.0228639 -68.3123 -0.0172641 -0.0215506 0.999619 1.81365
0.996745 -0.0799942 0.0100384 190.611 0.079737 0.996531 0.0238331 -68.2434 -0.01191 -0.0229551 0.999666 1.81848
0.99672 -0.0804822 0.00846756 191.458 0.0801688 0.996253 0.032447 -68.1561 -0.0110472 -0.0316618 0.999438 1.80626
0.996677 -0.0807407 0.0107761 192.297 0.080304 0.996114 0.0361712 -68.0791 -0.0136547 -0.0351856 0.999287 1.80066
0.996581 -0.0815252 0.0134401 193.13 0.0809121 0.995871 0.041156 -67.9997 -0.0167399 -0.0399278 0.999062 1.79512
0.996527 -0.0817202 0.0159767 193.956 0.0809252 0.99569 0.0453068 -67.9249 -0.0196103 -0.0438566 0.998845 1.78615
0.996487 -0.0822645 0.0157029 194.792 0.0814947 0.995675 0.0446 -67.8463 -0.019304 -0.0431636 0.998882 1.78022
0.996496 -0.0827089 0.0124835 195.612 0.082105 0.995699 0.0429225 -67.7733 -0.0159799 -0.0417471 0.999 1.78251
0.99646 -0.0837337 0.00742558 196.429 0.0833313 0.995558 0.0438183 -67.6962 -0.0110617 -0.0430444 0.999012 1.78428
0.996344 -0.0850749 0.00785071 197.243 0.0846246 0.995339 0.0462534 -67.6185 -0.0117491 -0.0454199 0.998899 1.78505
0.99607 -0.087148 0.0158104 198.055 0.0862853 0.995072 0.0488474 -67.5439 -0.0199894 -0.0472912 0.998681 1.76199
0.995733 -0.088842 0.0249655 198.843 0.0876335 0.995093 0.0459275 -67.4794 -0.0289233 -0.0435437 0.998633 1.75978
0.995613 -0.0894798 0.0273488 199.614 0.0884551 0.995407 0.0366275 -67.4257 -0.0305006 -0.0340477 0.998955 1.74956
0.995697 -0.0899848 0.0221326 200.365 0.089198 0.995424 0.0342835 -67.3576 -0.0251163 -0.0321618 0.999167 1.75965
0.995878 -0.0891624 0.0166627 201.088 0.0885668 0.995503 0.0335967 -67.2878 -0.0195834 -0.0319824 0.999297 1.74905
0.996039 -0.0881541 0.0116318 201.808 0.0877206 0.995577 0.0336269 -67.2113 -0.0145447 -0.0324733 0.999367 1.75471
0.996146 -0.0873969 0.00739997 202.506 0.0871272 0.99571 0.0311561 -67.1446 -0.0100912 -0.0303913 0.999487 1.74253
0.996404 -0.0846343 0.0040143 203.182 0.084487 0.996019 0.0284371 -67.0791 -0.00640507 -0.0279957 0.999588 1.75596
0.996779 -0.0801258 0.00336968 203.846 0.0800068 0.996431 0.0269198 -67.0237 -0.00551462 -0.0265635 0.999632 1.76855
0.997157 -0.074918 0.00804819 204.513 0.0746465 0.99676 0.0299408 -66.9564 -0.0102652 -0.029255 0.999519 1.77539
0.997495 -0.0686921 0.0168684 205.186 0.0680926 0.997104 0.0338552 -66.9026 -0.0191452 -0.0326218 0.999284 1.77067
0.997797 -0.0630792 0.0205682 205.865 0.0622671 0.997337 0.0379818 -66.8458 -0.0229093 -0.0366173 0.999067 1.765
